0 0.783500 0.253500 0.023000 0.025000
0 0.753500 0.255500 0.023000 0.025000
0 0.713000 0.261500 0.026000 0.025000
0 0.793000 0.294000 0.026000 0.026000
0 0.785000 0.325000 0.030000 0.030000
0 0.877000 0.314000 0.018000 0.018000
0 0.874500 0.337000 0.025000 0.024000
0 0.842500 0.393000 0.025000 0.024000
0 0.860000 0.425500 0.022000 0.021000
0 0.752000 0.411000 0.024000 0.024000
0 0.822000 0.504000 0.026000 0.026000
0 0.784000 0.467500 0.026000 0.023000
0 0.771000 0.489000 0.024000 0.026000
0 0.788500 0.486000 0.025000 0.024000
0 0.879000 0.589000 0.026000 0.026000
0 0.936000 0.660000 0.024000 0.026000
0 0.900500 0.679000 0.025000 0.026000
0 0.762000 0.775500 0.026000 0.027000
0 0.741500 0.811500 0.027000 0.027000
0 0.725000 0.843500 0.032000 0.031000
0 0.745500 0.739000 0.023000 0.024000
0 0.712500 0.708000 0.025000 0.026000
0 0.726500 0.717000 0.019000 0.020000
0 0.734500 0.711500 0.021000 0.021000
0 0.625500 0.852500 0.029000 0.029000
0 0.601500 0.862500 0.023000 0.023000
0 0.536500 0.953000 0.031000 0.030000
0 0.487500 0.933500 0.027000 0.027000
0 0.487500 0.910500 0.023000 0.023000
0 0.497500 0.833500 0.021000 0.021000
0 0.448500 0.910500 0.025000 0.025000
0 0.387500 0.917500 0.025000 0.025000
0 0.330500 0.914500 0.027000 0.027000
0 0.261000 0.841500 0.026000 0.027000
0 0.392500 0.768500 0.025000 0.025000
0 0.361000 0.800500 0.026000 0.025000
0 0.438000 0.717000 0.024000 0.024000
0 0.314000 0.782500 0.022000 0.023000
0 0.334000 0.789000 0.022000 0.024000
0 0.323500 0.825000 0.017000 0.016000
0 0.309500 0.803500 0.023000 0.023000
0 0.326000 0.803500 0.024000 0.025000
0 0.416000 0.787000 0.024000 0.024000
0 0.423000 0.804500 0.020000 0.021000
0 0.420500 0.794500 0.027000 0.027000
0 0.220000 0.675500 0.026000 0.027000
0 0.268500 0.688500 0.025000 0.025000
0 0.118500 0.700000 0.025000 0.026000
0 0.222500 0.757000 0.035000 0.030000
0 0.179000 0.820500 0.028000 0.029000
0 0.204000 0.739500 0.026000 0.027000
0 0.142500 0.739000 0.025000 0.026000
0 0.138500 0.750500 0.019000 0.019000
0 0.172000 0.769000 0.028000 0.028000
0 0.159500 0.754000 0.019000 0.022000
0 0.172000 0.744000 0.016000 0.016000
0 0.179000 0.749500 0.018000 0.019000
0 0.092000 0.605000 0.024000 0.024000
0 0.067500 0.686000 0.029000 0.032000
0 0.058000 0.636500 0.034000 0.035000
0 0.043500 0.608500 0.031000 0.035000
0 0.143500 0.643500 0.023000 0.023000
0 0.159000 0.641000 0.028000 0.028000
0 0.057000 0.548000 0.028000 0.028000
0 0.036000 0.471000 0.028000 0.030000
0 0.172500 0.490000 0.017000 0.016000
0 0.336500 0.495000 0.027000 0.026000
0 0.366000 0.562500 0.026000 0.027000
0 0.423000 0.396000 0.024000 0.024000
0 0.430500 0.420500 0.027000 0.027000
0 0.410000 0.317500 0.024000 0.023000
0 0.296000 0.262500 0.026000 0.025000
0 0.348000 0.308500 0.028000 0.027000
0 0.310500 0.304500 0.029000 0.029000
0 0.322000 0.375500 0.028000 0.025000
0 0.262500 0.234000 0.021000 0.020000
0 0.236500 0.262000 0.029000 0.030000
0 0.258500 0.259500 0.027000 0.029000
0 0.201500 0.251500 0.029000 0.029000
0 0.210500 0.238500 0.027000 0.027000
0 0.133500 0.266500 0.025000 0.025000
0 0.116000 0.292000 0.024000 0.026000
0 0.113000 0.349500 0.028000 0.029000
0 0.596500 0.705500 0.027000 0.027000
0 0.554500 0.707500 0.019000 0.019000
0 0.526500 0.717500 0.025000 0.023000
0 0.517000 0.753000 0.024000 0.024000
0 0.493500 0.720500 0.023000 0.023000
0 0.528500 0.659000 0.021000 0.022000
0 0.551500 0.662500 0.023000 0.025000
0 0.470500 0.628000 0.027000 0.026000
0 0.442500 0.656000 0.025000 0.024000
0 0.553500 0.497500 0.025000 0.025000
0 0.475500 0.494500 0.027000 0.027000
0 0.668500 0.555000 0.031000 0.030000
0 0.701500 0.430500 0.025000 0.023000
0 0.704000 0.413000 0.022000 0.022000
0 0.696000 0.379500 0.024000 0.025000
0 0.705000 0.386500 0.028000 0.027000
0 0.620000 0.252000 0.024000 0.024000
0 0.680500 0.246500 0.027000 0.029000
0 0.689500 0.247000 0.023000 0.024000
0 0.716000 0.127500 0.034000 0.035000
0 0.305000 0.145500 0.040000 0.037000
0 0.341000 0.223000 0.028000 0.028000
0 0.386500 0.212000 0.025000 0.026000
0 0.404500 0.090500 0.027000 0.025000
0 0.473500 0.176000 0.031000 0.032000
0 0.543500 0.217000 0.029000 0.028000
0 0.922500 0.395500 0.027000 0.029000
