0 0.910000 0.703500 0.024000 0.025000
0 0.852000 0.677000 0.026000 0.026000
0 0.836500 0.613000 0.025000 0.026000
0 0.792000 0.663000 0.026000 0.026000
0 0.798500 0.678500 0.023000 0.023000
0 0.735500 0.707000 0.025000 0.024000
0 0.641000 0.706000 0.026000 0.026000
0 0.672500 0.713000 0.027000 0.028000
0 0.692500 0.704500 0.025000 0.025000
0 0.745500 0.770500 0.017000 0.017000
0 0.744000 0.794500 0.026000 0.027000
0 0.712500 0.773500 0.025000 0.027000
0 0.665000 0.802000 0.022000 0.024000
0 0.652000 0.852500 0.026000 0.027000
0 0.593000 0.866000 0.026000 0.026000
0 0.573500 0.898500 0.029000 0.027000
0 0.516000 0.833500 0.028000 0.027000
0 0.541000 0.734500 0.024000 0.023000
0 0.531000 0.809000 0.024000 0.026000
0 0.571000 0.807000 0.024000 0.024000
0 0.565000 0.772000 0.022000 0.022000
0 0.579000 0.784000 0.020000 0.020000
0 0.585500 0.766500 0.023000 0.023000
0 0.591000 0.755000 0.024000 0.024000
0 0.830000 0.548000 0.014000 0.014000
0 0.806000 0.555000 0.024000 0.024000
0 0.753500 0.543500 0.025000 0.025000
0 0.754000 0.602500 0.032000 0.035000
0 0.681000 0.556000 0.024000 0.024000
0 0.710000 0.559000 0.022000 0.022000
0 0.653500 0.539500 0.021000 0.021000
0 0.638500 0.604500 0.025000 0.025000
0 0.671500 0.632500 0.023000 0.023000
0 0.687500 0.641500 0.023000 0.023000
0 0.429500 0.578500 0.027000 0.025000
0 0.405000 0.638000 0.026000 0.026000
0 0.289000 0.518000 0.024000 0.026000
0 0.308500 0.513500 0.023000 0.023000
0 0.207500 0.577500 0.025000 0.025000
0 0.235500 0.584000 0.023000 0.024000
0 0.285500 0.675500 0.025000 0.025000
0 0.194500 0.649000 0.023000 0.024000
0 0.195500 0.621500 0.025000 0.025000
0 0.203000 0.803500 0.010000 0.011000
0 0.190000 0.771500 0.024000 0.025000
0 0.329500 0.791500 0.025000 0.025000
0 0.354500 0.860500 0.027000 0.027000
0 0.303000 0.870000 0.022000 0.022000
0 0.232000 0.868000 0.026000 0.028000
0 0.246500 0.833500 0.023000 0.023000
0 0.247500 0.823500 0.019000 0.019000
0 0.109000 0.606500 0.030000 0.031000
0 0.076000 0.471000 0.018000 0.018000
0 0.053500 0.478000 0.031000 0.034000
0 0.133500 0.479500 0.027000 0.027000
0 0.145000 0.460000 0.022000 0.022000
0 0.179500 0.471500 0.027000 0.027000
0 0.160000 0.409000 0.026000 0.026000
0 0.098500 0.357000 0.025000 0.026000
0 0.148000 0.356000 0.024000 0.024000
0 0.157500 0.360000 0.027000 0.028000
0 0.152000 0.295000 0.030000 0.028000
0 0.196500 0.258500 0.025000 0.025000
0 0.220500 0.224000 0.021000 0.022000
0 0.244000 0.248500 0.026000 0.027000
0 0.331500 0.085500 0.029000 0.029000
0 0.379500 0.090500 0.027000 0.027000
0 0.293000 0.120500 0.026000 0.027000
0 0.302500 0.131500 0.023000 0.023000
0 0.271000 0.144000 0.024000 0.024000
0 0.287500 0.175000 0.027000 0.026000
0 0.290000 0.204000 0.016000 0.016000
0 0.330000 0.204500 0.026000 0.025000
0 0.327500 0.226500 0.027000 0.025000
0 0.369500 0.200000 0.023000 0.024000
0 0.387000 0.195500 0.024000 0.025000
0 0.418000 0.195000 0.024000 0.024000
0 0.458000 0.218500 0.024000 0.025000
0 0.427500 0.245000 0.025000 0.026000
0 0.471500 0.288500 0.025000 0.025000
0 0.451500 0.272500 0.023000 0.023000
0 0.498000 0.209000 0.022000 0.022000
0 0.385000 0.313500 0.024000 0.023000
0 0.388500 0.352500 0.025000 0.027000
0 0.371500 0.364000 0.023000 0.022000
0 0.417500 0.260500 0.019000 0.019000
0 0.431000 0.267500 0.020000 0.021000
0 0.414500 0.273500 0.021000 0.021000
0 0.521500 0.306000 0.025000 0.026000
0 0.529500 0.237000 0.023000 0.024000
0 0.548500 0.334000 0.015000 0.016000
0 0.529000 0.349000 0.024000 0.024000
0 0.543500 0.351000 0.025000 0.026000
0 0.552500 0.200500 0.015000 0.015000
0 0.585000 0.245500 0.026000 0.027000
0 0.575000 0.225000 0.022000 0.022000
0 0.583500 0.204500 0.023000 0.023000
0 0.578000 0.188500 0.024000 0.025000
0 0.569500 0.176500 0.023000 0.023000
0 0.691000 0.155500 0.024000 0.023000
0 0.534500 0.117000 0.025000 0.026000
0 0.534500 0.144500 0.025000 0.023000
0 0.517500 0.170500 0.023000 0.023000
0 0.466500 0.145500 0.025000 0.025000
0 0.425000 0.132500 0.024000 0.025000
0 0.390000 0.152000 0.010000 0.010000
0 0.438000 0.070000 0.026000 0.026000
0 0.444500 0.102000 0.023000 0.022000
0 0.235500 0.305500 0.027000 0.027000
0 0.227500 0.323500 0.023000 0.023000
0 0.240000 0.338000 0.020000 0.020000
0 0.269500 0.369500 0.025000 0.027000
0 0.275500 0.455000 0.023000 0.024000
0 0.300500 0.400000 0.025000 0.026000
0 0.309000 0.429000 0.022000 0.022000
0 0.285500 0.433000 0.021000 0.022000
0 0.260500 0.431500 0.025000 0.027000
0 0.579000 0.481000 0.028000 0.028000
0 0.732500 0.397500 0.027000 0.027000
0 0.879000 0.278000 0.022000 0.022000
0 0.771000 0.276500 0.026000 0.027000
0 0.762000 0.264000 0.018000 0.018000
0 0.768500 0.259500 0.023000 0.023000
0 0.723000 0.123500 0.024000 0.025000
0 0.401500 0.816000 0.027000 0.028000
