0 0.896000 0.504000 0.022000 0.024000
0 0.906000 0.503000 0.024000 0.028000
0 0.911000 0.529500 0.020000 0.021000
0 0.905500 0.540000 0.021000 0.022000
0 0.901500 0.597000 0.031000 0.032000
0 0.881500 0.540500 0.023000 0.025000
0 0.877500 0.555000 0.025000 0.026000
0 0.825500 0.505500 0.025000 0.025000
0 0.855000 0.503500 0.022000 0.023000
0 0.862000 0.511500 0.024000 0.025000
0 0.827500 0.567000 0.025000 0.026000
0 0.821500 0.580000 0.023000 0.024000
0 0.804000 0.624000 0.026000 0.026000
0 0.878500 0.673000 0.025000 0.026000
0 0.871000 0.766000 0.026000 0.028000
0 0.843000 0.782000 0.028000 0.028000
0 0.829000 0.726500 0.028000 0.029000
0 0.809000 0.753000 0.028000 0.030000
0 0.765500 0.688500 0.027000 0.027000
0 0.747000 0.653500 0.024000 0.025000
0 0.782500 0.822500 0.023000 0.025000
0 0.771000 0.813000 0.024000 0.026000
0 0.749000 0.824500 0.026000 0.027000
0 0.776000 0.875000 0.024000 0.024000
0 0.746000 0.877000 0.028000 0.026000
0 0.672000 0.912000 0.030000 0.028000
0 0.619500 0.947000 0.019000 0.020000
0 0.628000 0.945500 0.020000 0.021000
0 0.656000 0.868000 0.028000 0.030000
0 0.668000 0.838000 0.022000 0.022000
0 0.687500 0.809000 0.027000 0.028000
0 0.713000 0.786000 0.018000 0.018000
0 0.705500 0.750500 0.025000 0.027000
0 0.722500 0.737000 0.027000 0.028000
0 0.728500 0.749500 0.023000 0.023000
0 0.636500 0.713000 0.029000 0.030000
0 0.646500 0.765500 0.025000 0.025000
0 0.659000 0.767000 0.024000 0.024000
0 0.657500 0.775500 0.025000 0.025000
0 0.593000 0.861500 0.026000 0.027000
0 0.562500 0.854500 0.025000 0.027000
0 0.565000 0.907000 0.024000 0.026000
0 0.576500 0.953500 0.019000 0.021000
0 0.585000 0.954500 0.016000 0.017000
0 0.535500 0.922000 0.025000 0.028000
0 0.514500 0.918000 0.025000 0.026000
0 0.543000 0.891500 0.026000 0.027000
0 0.530000 0.875500 0.026000 0.027000
0 0.457500 0.939000 0.031000 0.030000
0 0.442500 0.883500 0.027000 0.027000
0 0.519500 0.835500 0.025000 0.025000
0 0.418000 0.713500 0.026000 0.027000
0 0.491000 0.708500 0.026000 0.027000
0 0.476500 0.729500 0.027000 0.027000
0 0.522000 0.762500 0.026000 0.027000
0 0.520500 0.789500 0.029000 0.029000
0 0.485500 0.760000 0.025000 0.026000
0 0.464000 0.756500 0.026000 0.027000
0 0.449500 0.780500 0.025000 0.025000
0 0.472500 0.797500 0.023000 0.025000
0 0.509000 0.810000 0.024000 0.024000
0 0.501000 0.820000 0.022000 0.022000
0 0.468000 0.825000 0.016000 0.016000
0 0.496500 0.859500 0.025000 0.027000
0 0.486000 0.879500 0.022000 0.023000
0 0.440500 0.829000 0.017000 0.018000
0 0.449500 0.819000 0.025000 0.026000
0 0.346500 0.902000 0.029000 0.030000
0 0.473000 0.846000 0.022000 0.022000
0 0.467500 0.856500 0.021000 0.021000
0 0.452500 0.847500 0.023000 0.023000
0 0.450000 0.856500 0.024000 0.025000
0 0.256500 0.824000 0.029000 0.030000
0 0.322000 0.853500 0.026000 0.027000
0 0.235500 0.879000 0.027000 0.028000
0 0.272000 0.891500 0.026000 0.027000
0 0.311500 0.817000 0.025000 0.028000
0 0.335000 0.812500 0.028000 0.029000
0 0.342500 0.730500 0.031000 0.031000
0 0.293500 0.715000 0.029000 0.028000
0 0.188500 0.627000 0.025000 0.026000
0 0.226500 0.651000 0.025000 0.026000
0 0.240500 0.676000 0.025000 0.026000
0 0.270500 0.636500 0.027000 0.027000
0 0.311000 0.615500 0.026000 0.025000
0 0.300500 0.643000 0.025000 0.026000
0 0.315500 0.632500 0.027000 0.027000
0 0.344500 0.640000 0.025000 0.028000
0 0.172500 0.709000 0.025000 0.028000
0 0.194500 0.710000 0.027000 0.028000
0 0.243000 0.699500 0.020000 0.021000
0 0.234000 0.708000 0.028000 0.028000
0 0.218500 0.568000 0.029000 0.030000
0 0.198500 0.513500 0.025000 0.027000
0 0.207500 0.485000 0.027000 0.028000
0 0.106500 0.433000 0.027000 0.028000
0 0.168500 0.477000 0.023000 0.024000
0 0.176000 0.471500 0.022000 0.023000
0 0.109000 0.479500 0.028000 0.029000
0 0.098000 0.522000 0.028000 0.030000
0 0.112500 0.558500 0.029000 0.029000
0 0.140500 0.582500 0.021000 0.021000
0 0.147500 0.604500 0.023000 0.027000
0 0.167500 0.607500 0.025000 0.027000
0 0.111000 0.603000 0.024000 0.024000
0 0.108500 0.625500 0.027000 0.029000
0 0.091000 0.714000 0.028000 0.030000
0 0.360500 0.661500 0.023000 0.023000
0 0.371000 0.653000 0.026000 0.026000
0 0.371000 0.662000 0.028000 0.028000
0 0.779000 0.514000 0.026000 0.026000
0 0.825500 0.479000 0.031000 0.030000
0 0.803500 0.405000 0.025000 0.026000
0 0.776000 0.443000 0.026000 0.026000
0 0.674000 0.476000 0.024000 0.026000
0 0.760000 0.491500 0.018000 0.019000
0 0.745000 0.492000 0.022000 0.024000
0 0.728000 0.482500 0.024000 0.025000
0 0.699000 0.484000 0.024000 0.024000
0 0.705500 0.480500 0.025000 0.025000
0 0.700500 0.550500 0.023000 0.023000
0 0.769000 0.599000 0.022000 0.022000
0 0.767000 0.615000 0.024000 0.024000
0 0.771000 0.564000 0.022000 0.024000
0 0.783500 0.570500 0.023000 0.023000
0 0.789500 0.586500 0.023000 0.023000
0 0.675500 0.584000 0.029000 0.030000
0 0.690500 0.601000 0.021000 0.022000
0 0.701500 0.604500 0.021000 0.023000
0 0.735000 0.617500 0.022000 0.023000
0 0.728000 0.630500 0.024000 0.025000
0 0.593500 0.548000 0.023000 0.024000
0 0.624000 0.600500 0.026000 0.025000
0 0.624000 0.609000 0.018000 0.018000
0 0.645500 0.650500 0.029000 0.031000
0 0.562000 0.514500 0.026000 0.025000
0 0.539500 0.495500 0.027000 0.029000
0 0.471000 0.494500 0.026000 0.027000
0 0.438500 0.478000 0.025000 0.026000
0 0.357000 0.511000 0.026000 0.028000
0 0.306000 0.448500 0.026000 0.027000
0 0.266000 0.466000 0.012000 0.012000
0 0.396500 0.440500 0.023000 0.025000
0 0.408500 0.434000 0.017000 0.018000
0 0.427500 0.444500 0.023000 0.025000
0 0.436000 0.422500 0.024000 0.025000
0 0.428000 0.368000 0.026000 0.026000
0 0.432500 0.400000 0.025000 0.026000
0 0.459500 0.363000 0.025000 0.024000
0 0.451500 0.344000 0.031000 0.032000
0 0.378500 0.321000 0.023000 0.024000
0 0.385500 0.344500 0.025000 0.025000
0 0.450500 0.284000 0.027000 0.028000
0 0.353000 0.336500 0.024000 0.025000
0 0.332500 0.332500 0.023000 0.025000
0 0.342500 0.293000 0.025000 0.026000
0 0.356500 0.280500 0.027000 0.029000
0 0.383500 0.207500 0.027000 0.027000
0 0.388500 0.224500 0.025000 0.025000
0 0.394500 0.237000 0.027000 0.026000
0 0.399000 0.250500 0.026000 0.027000
0 0.296000 0.192500 0.030000 0.031000
0 0.271000 0.184000 0.030000 0.032000
0 0.262000 0.226500 0.028000 0.029000
0 0.235000 0.297000 0.026000 0.028000
0 0.209500 0.279500 0.027000 0.027000
0 0.203500 0.201500 0.025000 0.025000
0 0.215500 0.223000 0.029000 0.030000
0 0.196000 0.227000 0.028000 0.030000
0 0.165000 0.266500 0.030000 0.031000
0 0.114500 0.306500 0.031000 0.031000
0 0.143500 0.338500 0.027000 0.029000
0 0.225000 0.371000 0.028000 0.030000
0 0.276000 0.364000 0.028000 0.030000
0 0.307500 0.391000 0.025000 0.026000
0 0.224500 0.405000 0.025000 0.026000
0 0.189500 0.400000 0.023000 0.024000
0 0.164500 0.384500 0.021000 0.021000
0 0.127500 0.411000 0.023000 0.024000
0 0.230500 0.438500 0.025000 0.027000
0 0.198500 0.433000 0.019000 0.020000
0 0.213500 0.447000 0.033000 0.034000
0 0.345500 0.382500 0.025000 0.025000
0 0.360500 0.403500 0.023000 0.023000
0 0.343500 0.408000 0.023000 0.024000
0 0.331500 0.418000 0.025000 0.026000
0 0.618000 0.422500 0.028000 0.029000
0 0.720000 0.262000 0.024000 0.024000
0 0.605500 0.258500 0.025000 0.027000
0 0.632500 0.262000 0.027000 0.028000
0 0.630000 0.249500 0.026000 0.027000
0 0.665500 0.189500 0.025000 0.027000
0 0.643500 0.188500 0.025000 0.025000
0 0.633500 0.211000 0.025000 0.026000
0 0.709500 0.116500 0.029000 0.029000
0 0.746500 0.146500 0.027000 0.027000
0 0.771000 0.167000 0.026000 0.028000
0 0.746500 0.173000 0.029000 0.028000
0 0.783500 0.191000 0.029000 0.030000
0 0.797000 0.182500 0.028000 0.029000
0 0.824000 0.289000 0.030000 0.030000
0 0.822000 0.259500 0.028000 0.029000
0 0.803500 0.253000 0.013000 0.014000
0 0.792500 0.269000 0.027000 0.028000
0 0.780000 0.247500 0.028000 0.029000
0 0.904000 0.297500 0.032000 0.033000
0 0.584000 0.087000 0.044000 0.042000
0 0.632500 0.108500 0.031000 0.031000
0 0.559000 0.132000 0.028000 0.028000
0 0.521000 0.160500 0.028000 0.029000
0 0.309000 0.143000 0.022000 0.022000
0 0.468500 0.060000 0.031000 0.032000
0 0.396000 0.148000 0.030000 0.032000
0 0.453000 0.160000 0.024000 0.024000
0 0.439000 0.159500 0.026000 0.027000
0 0.427500 0.175000 0.027000 0.028000
0 0.453500 0.246000 0.027000 0.028000
0 0.465500 0.251500 0.027000 0.029000
0 0.575000 0.182000 0.024000 0.024000
0 0.543000 0.222500 0.024000 0.025000
0 0.561500 0.193500 0.025000 0.025000
0 0.566000 0.214500 0.024000 0.025000
0 0.491000 0.319000 0.026000 0.026000
