0 0.901000 0.541000 0.016000 0.016000
0 0.825500 0.569500 0.017000 0.017000
0 0.839500 0.607500 0.017000 0.017000
0 0.706500 0.417000 0.017000 0.018000
0 0.674500 0.504000 0.017000 0.018000
0 0.628000 0.469500 0.016000 0.017000
0 0.617500 0.568500 0.017000 0.017000
0 0.630000 0.640000 0.018000 0.018000
0 0.410000 0.731000 0.014000 0.014000
0 0.431000 0.616500 0.014000 0.015000
0 0.406500 0.644500 0.015000 0.015000
0 0.378000 0.674500 0.014000 0.015000
0 0.356500 0.681500 0.013000 0.013000
0 0.451500 0.587500 0.015000 0.015000
0 0.456000 0.530000 0.016000 0.016000
0 0.542500 0.824500 0.017000 0.017000
0 0.536000 0.885000 0.016000 0.016000
0 0.451000 0.918000 0.016000 0.016000
0 0.323000 0.870000 0.016000 0.016000
0 0.252000 0.786000 0.014000 0.014000
0 0.300500 0.719500 0.015000 0.015000
0 0.247000 0.710500 0.014000 0.015000
0 0.223000 0.776000 0.014000 0.014000
0 0.214000 0.754000 0.014000 0.014000
0 0.186500 0.757500 0.013000 0.013000
0 0.175000 0.760500 0.012000 0.013000
0 0.164000 0.753500 0.014000 0.015000
0 0.119000 0.609500 0.014000 0.015000
0 0.118500 0.505000 0.015000 0.016000
0 0.280500 0.474000 0.015000 0.016000
0 0.347000 0.433000 0.014000 0.014000
0 0.369500 0.393000 0.013000 0.014000
0 0.341500 0.396500 0.013000 0.013000
0 0.322500 0.411500 0.015000 0.015000
0 0.288000 0.373000 0.014000 0.014000
0 0.414500 0.352500 0.013000 0.013000
0 0.371000 0.338000 0.012000 0.012000
0 0.367000 0.353000 0.014000 0.014000
0 0.433000 0.321000 0.012000 0.012000
0 0.428500 0.305000 0.013000 0.014000
0 0.407000 0.311000 0.014000 0.014000
0 0.475500 0.278500 0.015000 0.015000
0 0.498500 0.284500 0.015000 0.015000
0 0.545500 0.326000 0.015000 0.016000
0 0.584500 0.284000 0.015000 0.016000
0 0.723000 0.146500 0.016000 0.017000
0 0.596000 0.118500 0.016000 0.017000
0 0.724500 0.273000 0.017000 0.018000
0 0.693000 0.309000 0.016000 0.016000
0 0.184000 0.210000 0.016000 0.016000
