0 0.927000 0.559000 0.016000 0.016000
0 0.892000 0.590000 0.014000 0.016000
0 0.849500 0.595500 0.017000 0.017000
0 0.852500 0.519000 0.015000 0.014000
0 0.896000 0.483500 0.014000 0.015000
0 0.977500 0.376000 0.013000 0.014000
0 0.963500 0.344000 0.015000 0.016000
0 0.879000 0.324000 0.016000 0.016000
0 0.895000 0.377000 0.014000 0.016000
0 0.915000 0.433500 0.014000 0.015000
0 0.850500 0.439000 0.015000 0.016000
0 0.749000 0.183000 0.016000 0.016000
0 0.794000 0.218500 0.014000 0.015000
0 0.774000 0.223500 0.014000 0.015000
0 0.786000 0.267000 0.016000 0.016000
0 0.765000 0.327500 0.016000 0.017000
0 0.735000 0.335000 0.016000 0.016000
0 0.707500 0.420500 0.015000 0.015000
0 0.744000 0.474500 0.016000 0.017000
0 0.763000 0.666000 0.014000 0.014000
0 0.772000 0.670000 0.016000 0.016000
0 0.723500 0.641000 0.015000 0.014000
0 0.677000 0.659000 0.016000 0.016000
0 0.649000 0.703000 0.016000 0.016000
0 0.617000 0.668000 0.014000 0.014000
0 0.586500 0.662000 0.015000 0.016000
0 0.646000 0.774000 0.014000 0.016000
0 0.337500 0.862500 0.017000 0.017000
0 0.359500 0.837000 0.015000 0.016000
0 0.350500 0.802000 0.015000 0.014000
0 0.313500 0.800000 0.015000 0.014000
0 0.334500 0.784000 0.015000 0.014000
0 0.344000 0.756000 0.016000 0.014000
0 0.415500 0.722500 0.015000 0.015000
0 0.333500 0.690500 0.015000 0.017000
0 0.606000 0.458500 0.016000 0.015000
0 0.633000 0.539000 0.016000 0.016000
0 0.609500 0.494500 0.015000 0.015000
0 0.598500 0.499500 0.015000 0.015000
0 0.472000 0.455000 0.016000 0.016000
0 0.509000 0.469500 0.014000 0.015000
0 0.520000 0.488000 0.014000 0.014000
0 0.441500 0.516000 0.015000 0.014000
0 0.501500 0.499500 0.013000 0.013000
0 0.512000 0.514000 0.014000 0.014000
0 0.495500 0.529000 0.015000 0.014000
0 0.479500 0.488500 0.011000 0.011000
0 0.469500 0.499000 0.015000 0.014000
0 0.476000 0.563500 0.014000 0.015000
0 0.433500 0.577500 0.015000 0.015000
0 0.567500 0.359000 0.017000 0.016000
0 0.383500 0.332500 0.015000 0.015000
0 0.394000 0.356000 0.016000 0.016000
0 0.336000 0.430500 0.016000 0.017000
0 0.281000 0.460500 0.018000 0.017000
0 0.097000 0.531000 0.016000 0.016000
0 0.070000 0.480000 0.016000 0.016000
0 0.068500 0.487500 0.013000 0.013000
0 0.348000 0.574000 0.016000 0.016000
0 0.337000 0.626000 0.014000 0.014000
0 0.189000 0.654000 0.016000 0.014000
0 0.194000 0.688500 0.016000 0.017000
0 0.248500 0.754000 0.015000 0.016000
0 0.153500 0.697500 0.015000 0.015000
0 0.166500 0.756000 0.015000 0.016000
0 0.708500 0.077000 0.015000 0.014000
0 0.703500 0.109500 0.015000 0.015000
0 0.684500 0.070000 0.015000 0.014000
0 0.673000 0.097500 0.014000 0.015000
0 0.661000 0.083000 0.014000 0.014000
0 0.584000 0.114000 0.016000 0.016000
0 0.544000 0.035000 0.014000 0.016000
0 0.522000 0.042000 0.014000 0.014000
0 0.517000 0.061000 0.014000 0.014000
0 0.469500 0.028000 0.017000 0.016000
0 0.435500 0.061000 0.017000 0.016000
0 0.419000 0.094000 0.016000 0.016000
0 0.508000 0.214000 0.018000 0.018000
0 0.262000 0.207000 0.018000 0.018000
0 0.339000 0.133500 0.016000 0.017000
0 0.301000 0.100000 0.018000 0.020000
