0 0.130000 0.673000 0.046000 0.048000
0 0.405500 0.787000 0.055000 0.054000
0 0.362500 0.459000 0.057000 0.056000
0 0.548500 0.393000 0.047000 0.046000
0 0.566500 0.367500 0.037000 0.033000
0 0.576500 0.350000 0.043000 0.034000
0 0.589000 0.331000 0.048000 0.040000
0 0.933500 0.337500 0.041000 0.041000
0 0.930000 0.369000 0.044000 0.046000
0 0.874500 0.392000 0.045000 0.050000
0 0.833500 0.411000 0.045000 0.054000
0 0.756000 0.307500 0.040000 0.039000
0 0.742500 0.324500 0.053000 0.053000
0 0.628000 0.177000 0.048000 0.052000
0 0.507000 0.181500 0.044000 0.051000
0 0.574500 0.105000 0.039000 0.030000
0 0.567500 0.125500 0.039000 0.035000
0 0.548000 0.165500 0.034000 0.031000
0 0.540000 0.183000 0.030000 0.030000
0 0.560000 0.143000 0.036000 0.030000
0 0.258500 0.510500 0.053000 0.051000
0 0.890000 0.636000 0.022000 0.022000
0 0.909000 0.642000 0.020000 0.022000
0 0.927000 0.652000 0.022000 0.022000
0 0.952500 0.596500 0.027000 0.027000
0 0.951000 0.619500 0.028000 0.029000
