0 0.905000 0.736000 0.028000 0.032000
0 0.891000 0.728500 0.026000 0.029000
0 0.876000 0.722500 0.028000 0.043000
0 0.861500 0.722000 0.033000 0.034000
0 0.955000 0.661000 0.032000 0.036000
0 0.915000 0.662000 0.036000 0.032000
0 0.907000 0.636000 0.032000 0.030000
0 0.933500 0.605000 0.031000 0.034000
0 0.908000 0.595500 0.032000 0.035000
0 0.873000 0.527000 0.042000 0.040000
0 0.978500 0.522000 0.039000 0.042000
0 0.949500 0.464000 0.045000 0.048000
0 0.846000 0.442500 0.038000 0.039000
0 0.904000 0.444000 0.036000 0.038000
0 0.875000 0.450000 0.024000 0.028000
0 0.893000 0.474000 0.026000 0.028000
0 0.880000 0.483000 0.034000 0.036000
0 0.875000 0.585000 0.028000 0.028000
0 0.862500 0.578000 0.031000 0.032000
0 0.830000 0.566500 0.030000 0.035000
0 0.811500 0.566500 0.037000 0.041000
0 0.843500 0.616000 0.031000 0.032000
0 0.818500 0.626000 0.033000 0.032000
0 0.786000 0.613500 0.036000 0.035000
0 0.721000 0.634000 0.042000 0.048000
0 0.751000 0.640000 0.028000 0.030000
0 0.777000 0.639000 0.030000 0.030000
0 0.763000 0.651000 0.024000 0.024000
0 0.783000 0.667000 0.026000 0.028000
0 0.806000 0.670500 0.036000 0.037000
0 0.848500 0.779000 0.035000 0.036000
0 0.897000 0.775000 0.032000 0.032000
0 0.876000 0.798500 0.026000 0.027000
0 0.726000 0.745500 0.050000 0.051000
0 0.804000 0.804000 0.034000 0.036000
0 0.761000 0.799000 0.036000 0.040000
0 0.726000 0.874500 0.044000 0.047000
0 0.785000 0.849500 0.032000 0.035000
0 0.827500 0.850500 0.031000 0.033000
0 0.803000 0.844500 0.038000 0.041000
0 0.583500 0.757000 0.055000 0.054000
0 0.565500 0.974500 0.035000 0.031000
0 0.550500 0.944500 0.041000 0.041000
0 0.628000 0.962500 0.034000 0.035000
0 0.673500 0.936500 0.039000 0.039000
0 0.440000 0.969000 0.038000 0.040000
0 0.416000 0.889000 0.042000 0.040000
0 0.424000 0.842500 0.050000 0.047000
0 0.375000 0.895000 0.040000 0.042000
0 0.324500 0.891000 0.043000 0.044000
0 0.269500 0.851500 0.043000 0.047000
0 0.134000 0.624000 0.052000 0.052000
0 0.215000 0.589500 0.048000 0.051000
0 0.282500 0.630000 0.049000 0.050000
0 0.356500 0.706500 0.051000 0.053000
0 0.354500 0.584500 0.051000 0.051000
0 0.403000 0.553000 0.050000 0.054000
0 0.489500 0.552500 0.053000 0.053000
0 0.544000 0.525500 0.050000 0.053000
0 0.541000 0.431500 0.044000 0.049000
0 0.502000 0.417000 0.044000 0.048000
0 0.618000 0.410500 0.042000 0.049000
0 0.653000 0.412000 0.032000 0.044000
0 0.675000 0.419500 0.044000 0.049000
0 0.753000 0.358000 0.046000 0.046000
0 0.805000 0.323500 0.046000 0.049000
0 0.888000 0.338500 0.050000 0.051000
0 0.875000 0.393500 0.048000 0.045000
0 0.965000 0.391500 0.040000 0.041000
0 0.764000 0.124500 0.058000 0.061000
0 0.745500 0.244000 0.045000 0.046000
0 0.750000 0.315000 0.040000 0.038000
0 0.727500 0.290500 0.039000 0.039000
0 0.664000 0.259000 0.042000 0.038000
0 0.656000 0.296500 0.042000 0.043000
0 0.672000 0.210000 0.048000 0.048000
0 0.554000 0.296500 0.052000 0.051000
0 0.417000 0.337000 0.056000 0.056000
0 0.327500 0.357000 0.055000 0.058000
0 0.596000 0.211000 0.044000 0.046000
0 0.544500 0.217500 0.051000 0.053000
0 0.545000 0.029000 0.058000 0.050000
0 0.155500 0.209500 0.051000 0.053000
0 0.703000 0.047500 0.050000 0.047000
