0 0.745500 0.541500 0.063000 0.061000
0 0.422000 0.358000 0.060000 0.062000
0 0.333000 0.237500 0.058000 0.061000
0 0.498000 0.085500 0.048000 0.045000
0 0.497000 0.099000 0.052000 0.050000
0 0.541000 0.024500 0.048000 0.045000
0 0.898000 0.231000 0.048000 0.052000
0 0.834500 0.198500 0.051000 0.051000
0 0.286000 0.579500 0.058000 0.061000
0 0.304000 0.815500 0.052000 0.053000
0 0.112000 0.672000 0.052000 0.052000
0 0.935500 0.676500 0.049000 0.055000
0 0.832500 0.860500 0.051000 0.051000
0 0.546000 0.834500 0.054000 0.051000
0 0.568500 0.975500 0.057000 0.049000
