0 0.846000 0.676000 0.010000 0.010000
0 0.818000 0.610000 0.010000 0.010000
0 0.774000 0.644000 0.010000 0.010000
0 0.778000 0.686000 0.010000 0.010000
0 0.794500 0.715500 0.011000 0.011000
0 0.776500 0.737500 0.009000 0.009000
0 0.649000 0.739000 0.010000 0.010000
0 0.696000 0.757000 0.010000 0.010000
0 0.699000 0.826000 0.010000 0.010000
0 0.611500 0.765500 0.011000 0.011000
0 0.620500 0.888500 0.011000 0.011000
0 0.465000 0.800000 0.010000 0.010000
0 0.482000 0.744500 0.010000 0.011000
0 0.514000 0.701000 0.010000 0.010000
0 0.507000 0.681000 0.010000 0.010000
0 0.440000 0.688000 0.010000 0.010000
0 0.428000 0.716000 0.010000 0.010000
0 0.387000 0.718000 0.010000 0.010000
0 0.341000 0.699000 0.010000 0.010000
0 0.314000 0.696000 0.010000 0.010000
0 0.251000 0.635000 0.010000 0.010000
0 0.237000 0.622000 0.010000 0.010000
0 0.252000 0.552000 0.010000 0.010000
0 0.111000 0.512000 0.010000 0.010000
0 0.163000 0.493000 0.010000 0.010000
0 0.169000 0.479000 0.010000 0.010000
0 0.163000 0.464000 0.010000 0.010000
0 0.199000 0.453000 0.010000 0.010000
0 0.155000 0.433000 0.010000 0.010000
0 0.123000 0.405000 0.010000 0.010000
0 0.208000 0.343000 0.010000 0.010000
0 0.240000 0.337000 0.010000 0.010000
0 0.235000 0.329000 0.008000 0.008000
0 0.209500 0.318500 0.009000 0.009000
0 0.166500 0.326000 0.007000 0.008000
0 0.137500 0.317500 0.009000 0.009000
0 0.067000 0.336500 0.008000 0.009000
0 0.061500 0.586500 0.007000 0.007000
0 0.061000 0.593000 0.010000 0.010000
0 0.195500 0.376500 0.009000 0.009000
0 0.189500 0.368500 0.009000 0.009000
0 0.191500 0.362500 0.009000 0.009000
0 0.337000 0.500000 0.010000 0.010000
0 0.351000 0.466000 0.010000 0.010000
0 0.376000 0.454000 0.010000 0.010000
0 0.358000 0.428000 0.010000 0.010000
0 0.345000 0.427000 0.008000 0.008000
0 0.429000 0.414000 0.010000 0.010000
0 0.438500 0.420500 0.009000 0.009000
0 0.340500 0.404500 0.011000 0.011000
0 0.320000 0.414000 0.010000 0.010000
0 0.303000 0.442000 0.010000 0.010000
0 0.277000 0.397000 0.010000 0.010000
0 0.289000 0.353000 0.010000 0.010000
0 0.299000 0.359000 0.010000 0.010000
0 0.316000 0.310000 0.010000 0.010000
0 0.356000 0.298000 0.010000 0.010000
0 0.336000 0.305000 0.008000 0.008000
0 0.352000 0.258000 0.010000 0.010000
0 0.386000 0.256000 0.010000 0.010000
0 0.322000 0.260000 0.010000 0.010000
0 0.297000 0.250000 0.010000 0.010000
0 0.306000 0.228000 0.010000 0.010000
0 0.315000 0.204000 0.010000 0.010000
0 0.251000 0.252000 0.010000 0.010000
0 0.262000 0.225000 0.008000 0.008000
0 0.689000 0.550000 0.010000 0.010000
0 0.678000 0.558000 0.010000 0.010000
0 0.627000 0.459000 0.010000 0.010000
0 0.611000 0.469000 0.010000 0.010000
0 0.534000 0.528000 0.010000 0.010000
0 0.531000 0.595000 0.010000 0.010000
0 0.463500 0.570500 0.009000 0.009000
0 0.537000 0.629000 0.010000 0.010000
0 0.564500 0.356500 0.011000 0.011000
0 0.537000 0.322000 0.008000 0.008000
0 0.694000 0.266000 0.010000 0.010000
0 0.589000 0.239000 0.008000 0.008000
0 0.663500 0.187500 0.009000 0.009000
0 0.757500 0.246000 0.009000 0.010000
0 0.773500 0.305500 0.011000 0.011000
0 0.764000 0.305000 0.008000 0.008000
0 0.915500 0.454500 0.009000 0.009000
0 0.878500 0.465500 0.011000 0.011000
0 0.528000 0.314500 0.008000 0.007000
0 0.475500 0.342500 0.009000 0.009000
0 0.462500 0.325500 0.009000 0.009000
0 0.463000 0.313000 0.008000 0.008000
0 0.466000 0.293000 0.010000 0.010000
0 0.449000 0.361000 0.010000 0.010000
0 0.435500 0.358000 0.009000 0.010000
0 0.584000 0.073500 0.010000 0.011000
0 0.570500 0.070500 0.009000 0.009000
0 0.547000 0.170000 0.010000 0.010000
0 0.414500 0.224500 0.009000 0.009000
0 0.422000 0.149000 0.010000 0.010000
