0 0.890500 0.668000 0.011000 0.012000
0 0.793000 0.380000 0.008000 0.008000
0 0.805000 0.481500 0.008000 0.009000
0 0.528000 0.451000 0.012000 0.012000
0 0.209500 0.611500 0.011000 0.011000
0 0.111000 0.731500 0.010000 0.011000
0 0.281000 0.218500 0.012000 0.011000
0 0.722000 0.236000 0.010000 0.010000
0 0.783500 0.135500 0.009000 0.009000
0 0.653500 0.131500 0.011000 0.011000
0 0.636000 0.138000 0.010000 0.010000
0 0.598000 0.025000 0.012000 0.012000
0 0.316000 0.460500 0.010000 0.011000
0 0.276500 0.774500 0.013000 0.013000
0 0.223500 0.816000 0.011000 0.012000
