0 0.873000 0.721500 0.018000 0.019000
0 0.874000 0.735000 0.016000 0.016000
0 0.880000 0.751000 0.018000 0.018000
0 0.869000 0.777500 0.018000 0.019000
0 0.830000 0.831000 0.016000 0.018000
0 0.818500 0.840000 0.015000 0.016000
0 0.766000 0.799500 0.018000 0.019000
0 0.704500 0.802000 0.017000 0.018000
0 0.717500 0.803500 0.019000 0.021000
0 0.758500 0.833500 0.019000 0.019000
0 0.781000 0.835500 0.016000 0.017000
0 0.789000 0.833500 0.018000 0.019000
0 0.703500 0.861500 0.019000 0.019000
0 0.707000 0.884500 0.016000 0.017000
0 0.732500 0.902500 0.017000 0.017000
0 0.714000 0.914000 0.018000 0.018000
0 0.762000 0.862500 0.016000 0.017000
0 0.766500 0.870000 0.013000 0.014000
0 0.761000 0.876500 0.014000 0.015000
0 0.641500 0.819500 0.019000 0.019000
0 0.615000 0.800000 0.016000 0.016000
0 0.600000 0.838000 0.020000 0.020000
0 0.607000 0.883000 0.018000 0.018000
0 0.558500 0.862500 0.019000 0.019000
0 0.552500 0.766000 0.019000 0.020000
0 0.558000 0.738500 0.018000 0.019000
0 0.527500 0.725000 0.021000 0.020000
0 0.603000 0.741500 0.018000 0.019000
0 0.620000 0.749500 0.016000 0.017000
0 0.616000 0.758000 0.018000 0.018000
0 0.507000 0.802500 0.020000 0.021000
0 0.506000 0.825500 0.018000 0.017000
0 0.485500 0.855000 0.019000 0.020000
0 0.482500 0.952500 0.019000 0.019000
0 0.495000 0.973500 0.018000 0.019000
0 0.472000 0.869000 0.018000 0.018000
0 0.463000 0.878000 0.018000 0.018000
0 0.446000 0.894500 0.018000 0.019000
0 0.417500 0.833500 0.019000 0.019000
0 0.391000 0.927500 0.020000 0.021000
0 0.363000 0.866000 0.020000 0.020000
0 0.341000 0.869000 0.020000 0.020000
0 0.261500 0.826500 0.019000 0.021000
0 0.226500 0.858500 0.021000 0.021000
0 0.395500 0.680000 0.021000 0.022000
0 0.363500 0.689500 0.019000 0.019000
0 0.325000 0.686000 0.022000 0.022000
0 0.166000 0.620500 0.018000 0.019000
0 0.188500 0.665500 0.019000 0.019000
0 0.152500 0.688500 0.019000 0.019000
0 0.091500 0.700000 0.017000 0.018000
0 0.131000 0.732000 0.018000 0.018000
0 0.145000 0.758000 0.018000 0.018000
0 0.433500 0.670000 0.019000 0.020000
0 0.572500 0.654000 0.021000 0.022000
0 0.609000 0.655500 0.022000 0.023000
0 0.638000 0.680000 0.020000 0.020000
0 0.620500 0.607500 0.019000 0.019000
0 0.662000 0.633000 0.020000 0.020000
0 0.673000 0.658000 0.020000 0.020000
0 0.694000 0.625000 0.014000 0.014000
0 0.752000 0.553000 0.020000 0.020000
0 0.732000 0.619000 0.020000 0.020000
0 0.872500 0.540500 0.019000 0.019000
0 0.886000 0.593500 0.016000 0.017000
0 0.891500 0.605000 0.019000 0.018000
0 0.892000 0.622500 0.020000 0.021000
0 0.823500 0.562000 0.019000 0.018000
0 0.847000 0.625500 0.018000 0.019000
0 0.826000 0.644500 0.018000 0.017000
0 0.826000 0.622000 0.018000 0.018000
0 0.788500 0.623000 0.017000 0.018000
0 0.792500 0.599500 0.019000 0.021000
0 0.807000 0.600500 0.018000 0.019000
0 0.804000 0.567000 0.018000 0.018000
0 0.798000 0.574000 0.018000 0.018000
0 0.862000 0.494000 0.018000 0.018000
0 0.886500 0.452500 0.019000 0.019000
0 0.935000 0.467500 0.018000 0.019000
0 0.949000 0.484000 0.016000 0.016000
0 0.948500 0.516000 0.017000 0.018000
0 0.924500 0.545500 0.017000 0.017000
0 0.923500 0.521500 0.017000 0.017000
0 0.909000 0.514500 0.016000 0.017000
0 0.906000 0.507500 0.016000 0.017000
0 0.911500 0.492000 0.019000 0.020000
0 0.928000 0.501000 0.010000 0.010000
0 0.849000 0.428000 0.014000 0.014000
0 0.797500 0.432000 0.019000 0.020000
0 0.822000 0.462500 0.018000 0.019000
0 0.839000 0.461000 0.018000 0.018000
0 0.799500 0.478500 0.015000 0.015000
0 0.714500 0.443500 0.021000 0.021000
0 0.697000 0.448500 0.020000 0.021000
0 0.687500 0.384000 0.021000 0.020000
0 0.751500 0.349500 0.019000 0.019000
0 0.806500 0.321000 0.019000 0.020000
0 0.695500 0.316000 0.021000 0.022000
0 0.823000 0.362000 0.020000 0.020000
0 0.836500 0.382500 0.019000 0.019000
0 0.612500 0.334500 0.021000 0.021000
0 0.619500 0.367500 0.021000 0.021000
0 0.555000 0.378000 0.022000 0.022000
0 0.592500 0.493000 0.021000 0.022000
0 0.670500 0.506000 0.023000 0.022000
0 0.669500 0.532000 0.019000 0.020000
0 0.683000 0.551500 0.020000 0.021000
0 0.625500 0.544500 0.021000 0.021000
0 0.627500 0.553500 0.017000 0.017000
0 0.507000 0.531000 0.022000 0.022000
0 0.487500 0.519000 0.021000 0.022000
0 0.412000 0.533500 0.022000 0.023000
0 0.385500 0.498500 0.019000 0.019000
0 0.393000 0.498500 0.018000 0.019000
0 0.403500 0.465000 0.019000 0.020000
0 0.394000 0.572000 0.016000 0.018000
0 0.364000 0.539000 0.020000 0.020000
0 0.372000 0.562000 0.020000 0.020000
0 0.325000 0.567000 0.020000 0.020000
0 0.207500 0.514000 0.019000 0.020000
0 0.144000 0.519500 0.018000 0.019000
0 0.167500 0.566500 0.019000 0.019000
0 0.182500 0.543000 0.017000 0.018000
0 0.187000 0.546500 0.018000 0.019000
0 0.086500 0.501000 0.017000 0.018000
0 0.148500 0.474500 0.019000 0.019000
0 0.044500 0.511000 0.017000 0.018000
0 0.959000 0.426500 0.018000 0.019000
0 0.950500 0.393000 0.019000 0.020000
0 0.850500 0.289500 0.019000 0.021000
0 0.870500 0.223000 0.017000 0.018000
0 0.842000 0.230000 0.016000 0.016000
0 0.833500 0.216500 0.017000 0.017000
0 0.751500 0.224500 0.019000 0.019000
0 0.787000 0.250000 0.016000 0.016000
0 0.784500 0.262500 0.017000 0.017000
0 0.802500 0.275500 0.015000 0.015000
0 0.819000 0.279500 0.018000 0.019000
0 0.784500 0.221000 0.017000 0.016000
0 0.786000 0.209000 0.018000 0.018000
0 0.769500 0.146000 0.017000 0.016000
0 0.770000 0.135000 0.016000 0.016000
0 0.773500 0.128500 0.015000 0.015000
0 0.723500 0.197500 0.017000 0.017000
0 0.741500 0.147500 0.015000 0.015000
0 0.691000 0.179000 0.016000 0.016000
0 0.683000 0.172000 0.016000 0.016000
0 0.671500 0.071500 0.017000 0.017000
0 0.651000 0.063500 0.018000 0.017000
0 0.579000 0.067000 0.016000 0.016000
0 0.622000 0.100500 0.018000 0.019000
0 0.664000 0.153500 0.016000 0.017000
0 0.621500 0.137000 0.017000 0.018000
0 0.633000 0.148500 0.016000 0.017000
0 0.646500 0.155000 0.013000 0.014000
0 0.653000 0.159500 0.012000 0.013000
0 0.674500 0.106500 0.013000 0.013000
0 0.676000 0.118000 0.014000 0.014000
0 0.690000 0.113000 0.016000 0.016000
0 0.687000 0.130500 0.014000 0.015000
0 0.681500 0.127500 0.013000 0.013000
0 0.726000 0.159000 0.014000 0.014000
0 0.723000 0.176000 0.014000 0.014000
0 0.709500 0.173000 0.013000 0.014000
0 0.717500 0.186500 0.015000 0.015000
0 0.710500 0.149500 0.015000 0.015000
0 0.720500 0.149500 0.013000 0.013000
0 0.721500 0.120500 0.015000 0.015000
0 0.729500 0.132000 0.013000 0.014000
0 0.722500 0.136500 0.013000 0.013000
0 0.750500 0.125000 0.013000 0.014000
0 0.744000 0.115500 0.012000 0.013000
0 0.750500 0.116500 0.015000 0.015000
0 0.503500 0.431000 0.019000 0.020000
0 0.464500 0.394500 0.019000 0.019000
0 0.503000 0.335000 0.018000 0.018000
0 0.401500 0.338000 0.019000 0.020000
0 0.348500 0.441000 0.019000 0.020000
0 0.372000 0.445500 0.018000 0.019000
0 0.374500 0.454500 0.015000 0.015000
0 0.422000 0.421500 0.018000 0.019000
0 0.432500 0.412500 0.017000 0.019000
0 0.430000 0.420500 0.018000 0.019000
0 0.046500 0.376000 0.019000 0.020000
0 0.296000 0.423000 0.014000 0.014000
0 0.285500 0.444500 0.021000 0.021000
0 0.178000 0.407000 0.020000 0.020000
0 0.211500 0.377500 0.019000 0.019000
0 0.159000 0.387500 0.020000 0.021000
0 0.196000 0.344000 0.018000 0.018000
0 0.179500 0.359500 0.017000 0.017000
0 0.172000 0.348500 0.018000 0.019000
0 0.130500 0.312000 0.019000 0.018000
0 0.192500 0.294000 0.021000 0.020000
0 0.283500 0.250500 0.019000 0.019000
0 0.238500 0.203500 0.017000 0.017000
0 0.270000 0.194500 0.018000 0.019000
0 0.373500 0.178000 0.017000 0.018000
0 0.340000 0.191500 0.018000 0.019000
0 0.413000 0.201000 0.014000 0.014000
0 0.432000 0.163000 0.018000 0.018000
0 0.399000 0.218500 0.020000 0.021000
0 0.425500 0.227500 0.017000 0.019000
0 0.477500 0.201500 0.017000 0.017000
0 0.509500 0.187500 0.013000 0.013000
0 0.485000 0.147500 0.018000 0.019000
0 0.559000 0.284000 0.020000 0.020000
0 0.504500 0.314500 0.019000 0.019000
0 0.528000 0.294500 0.010000 0.011000
0 0.512500 0.292000 0.017000 0.018000
0 0.504500 0.288500 0.017000 0.017000
0 0.509500 0.246000 0.017000 0.018000
0 0.500000 0.246500 0.016000 0.019000
0 0.482000 0.244000 0.016000 0.018000
0 0.456000 0.303500 0.016000 0.017000
0 0.449000 0.321500 0.016000 0.017000
0 0.408000 0.300000 0.016000 0.016000
0 0.431500 0.296000 0.017000 0.018000
0 0.424000 0.285000 0.018000 0.018000
0 0.449500 0.240000 0.017000 0.016000
0 0.455500 0.229500 0.017000 0.017000
0 0.564000 0.123000 0.018000 0.018000
0 0.600000 0.179500 0.016000 0.017000
0 0.584000 0.181500 0.016000 0.017000
0 0.578500 0.187500 0.017000 0.017000
0 0.570000 0.204000 0.018000 0.018000
0 0.565500 0.209000 0.015000 0.016000
0 0.556500 0.222500 0.015000 0.015000
0 0.546500 0.208500 0.017000 0.017000
0 0.548500 0.217500 0.017000 0.017000
0 0.547500 0.183000 0.015000 0.016000
0 0.551000 0.173500 0.016000 0.017000
0 0.527500 0.059500 0.017000 0.017000
0 0.519500 0.079500 0.017000 0.017000
0 0.500000 0.075000 0.016000 0.018000
0 0.469500 0.117000 0.019000 0.020000
0 0.476500 0.068000 0.017000 0.018000
0 0.483000 0.075000 0.016000 0.016000
0 0.318500 0.076500 0.017000 0.017000
0 0.326000 0.122000 0.016000 0.016000
0 0.301500 0.153000 0.017000 0.018000
0 0.249500 0.110500 0.017000 0.017000
0 0.278000 0.121500 0.016000 0.017000
0 0.290500 0.118500 0.017000 0.017000
0 0.288000 0.177000 0.018000 0.018000
0 0.346000 0.143500 0.016000 0.017000
0 0.353500 0.153500 0.013000 0.013000
0 0.386500 0.106500 0.019000 0.019000
0 0.365500 0.118500 0.015000 0.015000
0 0.359500 0.120000 0.017000 0.018000
0 0.377500 0.080500 0.021000 0.019000
0 0.175000 0.167500 0.018000 0.019000
0 0.643000 0.949000 0.018000 0.018000
