0 0.931500 0.396000 0.025000 0.026000
0 0.957500 0.574000 0.019000 0.022000
0 0.799000 0.637000 0.020000 0.020000
0 0.801500 0.631000 0.025000 0.024000
0 0.871000 0.688000 0.024000 0.024000
0 0.851500 0.777000 0.023000 0.024000
0 0.718500 0.595500 0.023000 0.023000
0 0.652000 0.591500 0.022000 0.021000
0 0.649500 0.632500 0.021000 0.023000
0 0.590500 0.610500 0.021000 0.021000
0 0.582000 0.564000 0.022000 0.022000
0 0.611000 0.530500 0.020000 0.021000
0 0.632000 0.495500 0.024000 0.023000
0 0.597500 0.539500 0.023000 0.023000
0 0.513500 0.586000 0.021000 0.022000
0 0.498000 0.598000 0.022000 0.022000
0 0.553000 0.640000 0.020000 0.020000
0 0.576000 0.721500 0.022000 0.023000
0 0.599000 0.805500 0.024000 0.025000
0 0.661500 0.804500 0.021000 0.023000
0 0.726000 0.870500 0.022000 0.023000
0 0.710500 0.884000 0.017000 0.018000
0 0.667000 0.922500 0.022000 0.021000
0 0.661500 0.863500 0.021000 0.021000
0 0.643500 0.861000 0.023000 0.024000
0 0.528000 0.937500 0.022000 0.023000
0 0.504000 0.951000 0.020000 0.020000
0 0.473500 0.933000 0.021000 0.022000
0 0.325500 0.761500 0.023000 0.023000
0 0.291000 0.852500 0.020000 0.019000
0 0.225500 0.835000 0.019000 0.020000
0 0.216000 0.735500 0.020000 0.021000
0 0.242000 0.730500 0.018000 0.019000
0 0.258000 0.741500 0.016000 0.017000
0 0.265500 0.745000 0.017000 0.018000
0 0.206000 0.790500 0.022000 0.023000
0 0.187500 0.742000 0.019000 0.020000
0 0.167000 0.727500 0.020000 0.021000
0 0.174000 0.719000 0.020000 0.020000
0 0.129500 0.645000 0.021000 0.022000
0 0.195000 0.656000 0.018000 0.018000
0 0.230000 0.654000 0.014000 0.014000
0 0.250000 0.657000 0.020000 0.020000
0 0.333000 0.663500 0.020000 0.019000
0 0.302500 0.690000 0.021000 0.022000
0 0.264500 0.697500 0.019000 0.019000
0 0.248000 0.690500 0.016000 0.017000
0 0.236000 0.699000 0.018000 0.018000
0 0.227500 0.674500 0.017000 0.017000
0 0.393000 0.615000 0.020000 0.020000
0 0.379000 0.658000 0.022000 0.022000
0 0.392500 0.684000 0.021000 0.020000
0 0.439000 0.689500 0.022000 0.023000
0 0.544500 0.678500 0.023000 0.023000
0 0.532500 0.707500 0.023000 0.023000
0 0.523000 0.655000 0.020000 0.020000
0 0.500000 0.675000 0.018000 0.018000
0 0.483000 0.683000 0.020000 0.022000
0 0.480000 0.652000 0.016000 0.016000
0 0.514000 0.633000 0.020000 0.020000
0 0.503500 0.643000 0.017000 0.018000
0 0.507000 0.652500 0.018000 0.019000
0 0.479000 0.518500 0.022000 0.023000
0 0.456000 0.531000 0.020000 0.020000
0 0.444500 0.549500 0.021000 0.021000
0 0.419000 0.549000 0.020000 0.022000
0 0.413000 0.516000 0.022000 0.022000
0 0.478000 0.462000 0.024000 0.024000
0 0.362000 0.483000 0.020000 0.020000
0 0.327000 0.512500 0.022000 0.021000
0 0.321500 0.530500 0.017000 0.017000
0 0.355000 0.539000 0.020000 0.020000
0 0.352500 0.551500 0.017000 0.017000
0 0.341500 0.582500 0.021000 0.021000
0 0.354500 0.596000 0.021000 0.020000
0 0.242000 0.618500 0.020000 0.021000
0 0.205500 0.624000 0.019000 0.020000
0 0.287000 0.600000 0.020000 0.020000
0 0.288000 0.606500 0.020000 0.021000
0 0.271500 0.547500 0.021000 0.021000
0 0.265000 0.561000 0.020000 0.020000
0 0.267500 0.571500 0.019000 0.019000
0 0.204500 0.486000 0.021000 0.022000
0 0.156500 0.480500 0.021000 0.021000
0 0.154500 0.512500 0.021000 0.021000
0 0.149500 0.544500 0.019000 0.019000
0 0.107500 0.496500 0.019000 0.019000
0 0.116500 0.514500 0.019000 0.019000
0 0.073000 0.495000 0.020000 0.020000
0 0.084000 0.522000 0.020000 0.020000
0 0.095000 0.542000 0.018000 0.018000
0 0.100000 0.547000 0.020000 0.020000
0 0.086000 0.599500 0.020000 0.021000
0 0.118000 0.614500 0.020000 0.021000
0 0.222500 0.426000 0.017000 0.018000
0 0.262500 0.419500 0.023000 0.023000
0 0.288500 0.451500 0.021000 0.021000
0 0.286500 0.474500 0.021000 0.021000
0 0.309000 0.489500 0.020000 0.021000
0 0.067000 0.387500 0.020000 0.021000
0 0.128000 0.365000 0.020000 0.020000
0 0.146500 0.407500 0.019000 0.019000
0 0.116000 0.385500 0.020000 0.019000
0 0.101500 0.428000 0.017000 0.018000
0 0.110000 0.424500 0.018000 0.019000
0 0.712000 0.435000 0.024000 0.024000
0 0.640000 0.365500 0.024000 0.025000
0 0.491500 0.384000 0.023000 0.024000
0 0.514000 0.425000 0.022000 0.022000
0 0.433000 0.355500 0.022000 0.023000
0 0.328000 0.385500 0.022000 0.023000
0 0.274500 0.328000 0.019000 0.020000
0 0.365000 0.296500 0.022000 0.023000
0 0.479000 0.307500 0.022000 0.023000
0 0.467500 0.198500 0.021000 0.021000
0 0.448000 0.182500 0.020000 0.021000
0 0.357000 0.169000 0.022000 0.022000
0 0.475000 0.138500 0.020000 0.019000
0 0.534500 0.134500 0.021000 0.021000
0 0.488500 0.118500 0.019000 0.019000
0 0.486500 0.160000 0.019000 0.020000
0 0.500000 0.171000 0.020000 0.020000
0 0.488500 0.183500 0.019000 0.019000
0 0.483500 0.171500 0.019000 0.019000
0 0.553000 0.166500 0.018000 0.019000
0 0.560500 0.176000 0.015000 0.016000
0 0.570500 0.193500 0.021000 0.021000
0 0.590000 0.215500 0.018000 0.019000
0 0.596000 0.218500 0.020000 0.021000
0 0.642500 0.121500 0.021000 0.021000
0 0.674500 0.140500 0.019000 0.019000
0 0.715000 0.126000 0.020000 0.020000
0 0.714000 0.154500 0.020000 0.019000
0 0.721500 0.174500 0.019000 0.019000
0 0.739000 0.197000 0.018000 0.018000
0 0.794000 0.195000 0.018000 0.018000
0 0.779000 0.159000 0.018000 0.018000
0 0.764500 0.150500 0.017000 0.017000
0 0.818500 0.202000 0.017000 0.018000
0 0.826000 0.214000 0.018000 0.018000
0 0.821000 0.220000 0.018000 0.018000
0 0.814500 0.212500 0.019000 0.019000
0 0.739000 0.252500 0.022000 0.021000
0 0.765000 0.306500 0.022000 0.023000
0 0.735500 0.292000 0.021000 0.022000
0 0.728500 0.300500 0.019000 0.019000
0 0.676500 0.199500 0.019000 0.019000
0 0.630000 0.200000 0.018000 0.018000
0 0.618000 0.199500 0.018000 0.019000
0 0.626500 0.209500 0.017000 0.017000
0 0.311000 0.114000 0.020000 0.020000
0 0.285500 0.177000 0.021000 0.022000
0 0.210500 0.188500 0.021000 0.021000
0 0.204500 0.198500 0.019000 0.019000
0 0.120500 0.267500 0.021000 0.021000
0 0.082500 0.293000 0.019000 0.020000
0 0.187000 0.276000 0.020000 0.020000
0 0.221000 0.279500 0.018000 0.019000
0 0.213000 0.269500 0.018000 0.019000
0 0.205500 0.271000 0.019000 0.020000
