0 0.903500 0.709500 0.033000 0.035000
0 0.848000 0.685500 0.040000 0.041000
0 0.772500 0.673500 0.039000 0.041000
0 0.746500 0.758000 0.037000 0.040000
0 0.732500 0.762000 0.037000 0.038000
0 0.593000 0.857500 0.044000 0.043000
0 0.554000 0.723000 0.044000 0.044000
0 0.484000 0.854000 0.040000 0.040000
0 0.419500 0.899500 0.039000 0.039000
0 0.360500 0.842000 0.037000 0.040000
0 0.299500 0.891500 0.039000 0.039000
0 0.191000 0.762000 0.034000 0.038000
0 0.205000 0.761500 0.036000 0.037000
0 0.205000 0.701000 0.036000 0.036000
0 0.318500 0.709000 0.035000 0.036000
0 0.304500 0.669000 0.029000 0.030000
0 0.281000 0.585000 0.034000 0.036000
0 0.324000 0.635500 0.030000 0.029000
0 0.339000 0.650000 0.028000 0.030000
0 0.329500 0.643500 0.033000 0.033000
0 0.397500 0.747500 0.041000 0.041000
0 0.489000 0.617000 0.038000 0.040000
0 0.431000 0.538000 0.030000 0.034000
0 0.403000 0.550000 0.032000 0.036000
0 0.461500 0.542000 0.031000 0.038000
0 0.496000 0.545000 0.036000 0.040000
0 0.334500 0.561000 0.033000 0.034000
0 0.328000 0.460000 0.034000 0.036000
0 0.350500 0.460500 0.037000 0.039000
0 0.185000 0.517500 0.038000 0.037000
0 0.181000 0.551000 0.036000 0.034000
0 0.163000 0.574500 0.036000 0.035000
0 0.204000 0.641500 0.034000 0.035000
0 0.126500 0.653000 0.033000 0.036000
0 0.141500 0.655000 0.031000 0.034000
0 0.064500 0.588500 0.037000 0.039000
0 0.586500 0.581000 0.047000 0.048000
0 0.536000 0.425500 0.046000 0.051000
0 0.771500 0.503000 0.051000 0.052000
0 0.866500 0.501000 0.045000 0.048000
0 0.807500 0.547500 0.045000 0.045000
0 0.599000 0.101500 0.044000 0.045000
0 0.624000 0.160000 0.046000 0.048000
0 0.546000 0.140500 0.044000 0.045000
0 0.679000 0.234000 0.056000 0.056000
0 0.476000 0.373500 0.050000 0.049000
0 0.283500 0.345000 0.045000 0.044000
0 0.195500 0.384500 0.043000 0.045000
0 0.171000 0.316000 0.048000 0.046000
0 0.279000 0.234000 0.044000 0.044000
0 0.360000 0.188000 0.040000 0.042000
0 0.322500 0.138500 0.037000 0.039000
0 0.248000 0.150500 0.040000 0.039000
0 0.433500 0.061000 0.039000 0.038000
0 0.391000 0.117500 0.036000 0.035000
0 0.401000 0.153000 0.040000 0.038000
0 0.607500 0.922500 0.035000 0.035000
