0 0.853000 0.731500 0.018000 0.019000
0 0.819500 0.737500 0.021000 0.021000
0 0.827000 0.667000 0.022000 0.022000
0 0.912000 0.606000 0.020000 0.020000
0 0.819500 0.597000 0.019000 0.020000
0 0.790000 0.596500 0.018000 0.017000
0 0.793500 0.609000 0.019000 0.018000
0 0.792000 0.626000 0.016000 0.016000
0 0.794000 0.640500 0.022000 0.021000
0 0.757000 0.601500 0.022000 0.023000
0 0.740000 0.624000 0.020000 0.020000
0 0.697000 0.625500 0.022000 0.023000
0 0.627500 0.644000 0.023000 0.024000
0 0.588500 0.620000 0.015000 0.016000
0 0.531500 0.638000 0.023000 0.024000
0 0.498000 0.640000 0.022000 0.024000
0 0.534000 0.597500 0.022000 0.023000
0 0.594000 0.506500 0.022000 0.023000
0 0.477000 0.532500 0.020000 0.021000
0 0.491500 0.561000 0.017000 0.018000
0 0.524500 0.577000 0.023000 0.022000
0 0.453500 0.585500 0.021000 0.021000
0 0.408000 0.578500 0.024000 0.025000
0 0.478000 0.479500 0.024000 0.025000
0 0.336000 0.489000 0.022000 0.022000
0 0.258500 0.546000 0.021000 0.022000
0 0.263500 0.572000 0.021000 0.022000
0 0.267000 0.570500 0.020000 0.021000
0 0.273000 0.500000 0.022000 0.022000
0 0.256500 0.477500 0.021000 0.021000
0 0.308500 0.472000 0.021000 0.020000
0 0.306000 0.458500 0.020000 0.019000
0 0.297000 0.432500 0.018000 0.019000
0 0.312500 0.434000 0.019000 0.020000
0 0.319000 0.399500 0.022000 0.023000
0 0.243500 0.422500 0.021000 0.021000
0 0.226000 0.434500 0.020000 0.021000
0 0.320500 0.355500 0.021000 0.021000
0 0.231500 0.373500 0.023000 0.023000
0 0.178500 0.363000 0.023000 0.024000
0 0.139500 0.246500 0.023000 0.023000
0 0.180500 0.272500 0.023000 0.023000
0 0.212000 0.284500 0.020000 0.019000
0 0.346500 0.187000 0.021000 0.022000
0 0.393500 0.192000 0.021000 0.022000
0 0.400000 0.150000 0.022000 0.022000
0 0.387500 0.254500 0.023000 0.023000
0 0.275500 0.161500 0.021000 0.021000
0 0.289500 0.208500 0.019000 0.019000
0 0.243500 0.168500 0.021000 0.023000
0 0.217500 0.162500 0.023000 0.023000
0 0.258000 0.110000 0.024000 0.022000
0 0.361000 0.128000 0.020000 0.020000
0 0.362000 0.145000 0.016000 0.016000
0 0.393500 0.088500 0.023000 0.021000
0 0.473000 0.113000 0.022000 0.022000
0 0.542500 0.113500 0.023000 0.021000
0 0.523500 0.178500 0.023000 0.023000
0 0.479500 0.198500 0.021000 0.021000
0 0.483000 0.327000 0.026000 0.026000
0 0.382000 0.703500 0.024000 0.025000
0 0.470000 0.806500 0.024000 0.025000
0 0.373500 0.816000 0.023000 0.024000
0 0.402500 0.863000 0.023000 0.024000
0 0.526500 0.883000 0.019000 0.020000
0 0.505500 0.923500 0.021000 0.021000
0 0.563000 0.942500 0.020000 0.019000
0 0.568000 0.783000 0.022000 0.022000
0 0.324000 0.910500 0.022000 0.021000
0 0.286000 0.821500 0.022000 0.023000
0 0.255000 0.828000 0.022000 0.022000
0 0.264000 0.794500 0.020000 0.021000
0 0.241000 0.799500 0.020000 0.021000
0 0.171000 0.627000 0.026000 0.026000
0 0.098500 0.554000 0.023000 0.022000
0 0.901000 0.402500 0.016000 0.015000
0 0.939500 0.443000 0.019000 0.020000
0 0.950500 0.452500 0.019000 0.019000
0 0.916500 0.512500 0.021000 0.021000
0 0.819000 0.467000 0.022000 0.022000
0 0.784500 0.473500 0.021000 0.021000
0 0.784500 0.402000 0.021000 0.022000
0 0.775500 0.369500 0.019000 0.019000
0 0.808000 0.340000 0.018000 0.018000
0 0.815000 0.345000 0.020000 0.020000
0 0.847000 0.371000 0.018000 0.020000
0 0.860500 0.374000 0.021000 0.022000
0 0.756000 0.306000 0.020000 0.020000
0 0.759000 0.318500 0.020000 0.019000
0 0.660000 0.267500 0.022000 0.023000
0 0.692000 0.268500 0.020000 0.021000
0 0.703500 0.263500 0.019000 0.021000
0 0.749500 0.200500 0.023000 0.023000
0 0.841000 0.203500 0.020000 0.021000
0 0.811000 0.195000 0.020000 0.020000
0 0.748500 0.135500 0.019000 0.019000
0 0.594500 0.172500 0.021000 0.021000
0 0.625000 0.215000 0.022000 0.022000
0 0.615500 0.250000 0.023000 0.024000
0 0.630500 0.129500 0.021000 0.021000
0 0.659500 0.067500 0.019000 0.019000
0 0.578500 0.051000 0.021000 0.020000
0 0.708000 0.079000 0.018000 0.018000
0 0.648500 0.150500 0.021000 0.021000
0 0.649500 0.146000 0.017000 0.018000
0 0.669000 0.448000 0.024000 0.024000
0 0.311000 0.257000 0.022000 0.022000
0 0.314000 0.283000 0.016000 0.016000
0 0.322500 0.277500 0.021000 0.021000
0 0.329000 0.273500 0.020000 0.021000
0 0.884500 0.218500 0.019000 0.019000
