0 0.929000 0.604500 0.016000 0.017000
0 0.807000 0.643000 0.014000 0.014000
0 0.794000 0.569500 0.012000 0.013000
0 0.818000 0.502500 0.014000 0.015000
0 0.752000 0.515000 0.014000 0.014000
0 0.740500 0.549000 0.013000 0.014000
0 0.751000 0.572000 0.014000 0.014000
0 0.630000 0.556500 0.014000 0.015000
0 0.664000 0.578000 0.012000 0.012000
0 0.714000 0.592000 0.012000 0.012000
0 0.718500 0.595500 0.013000 0.013000
0 0.725000 0.604000 0.012000 0.012000
0 0.585500 0.546000 0.015000 0.014000
0 0.657000 0.483000 0.014000 0.014000
0 0.646000 0.426500 0.014000 0.015000
0 0.523000 0.500000 0.014000 0.014000
0 0.525000 0.575000 0.014000 0.014000
0 0.466000 0.547000 0.014000 0.014000
0 0.450000 0.537000 0.010000 0.010000
0 0.366000 0.571000 0.014000 0.014000
0 0.298500 0.513000 0.013000 0.012000
0 0.236000 0.493500 0.014000 0.013000
0 0.207500 0.507000 0.015000 0.014000
0 0.198000 0.525000 0.012000 0.012000
0 0.128500 0.552000 0.013000 0.012000
0 0.199000 0.449000 0.012000 0.012000
0 0.095000 0.434000 0.014000 0.014000
0 0.053500 0.451500 0.013000 0.013000
0 0.177500 0.370000 0.015000 0.014000
0 0.224000 0.360000 0.014000 0.014000
0 0.247500 0.390000 0.013000 0.014000
0 0.305000 0.397500 0.014000 0.015000
0 0.264000 0.250000 0.014000 0.014000
0 0.290000 0.186000 0.014000 0.014000
0 0.218500 0.202500 0.013000 0.013000
0 0.194500 0.183500 0.013000 0.013000
0 0.200500 0.161500 0.013000 0.013000
0 0.309500 0.081500 0.013000 0.013000
0 0.262500 0.083500 0.013000 0.013000
0 0.284000 0.121000 0.014000 0.014000
0 0.249500 0.137500 0.013000 0.013000
0 0.234000 0.134500 0.014000 0.013000
0 0.240000 0.144500 0.012000 0.013000
0 0.374000 0.109500 0.014000 0.015000
0 0.357000 0.057500 0.010000 0.011000
0 0.340000 0.033500 0.014000 0.013000
0 0.655000 0.149500 0.014000 0.015000
0 0.729000 0.182000 0.014000 0.014000
0 0.831500 0.177000 0.013000 0.014000
0 0.789000 0.243000 0.014000 0.014000
0 0.678000 0.306500 0.014000 0.015000
0 0.711000 0.333000 0.014000 0.014000
0 0.510000 0.232500 0.014000 0.015000
0 0.471000 0.266500 0.016000 0.015000
0 0.822500 0.464500 0.015000 0.015000
0 0.623000 0.719500 0.014000 0.015000
0 0.677000 0.713500 0.012000 0.013000
0 0.694500 0.713500 0.015000 0.015000
0 0.740000 0.744000 0.012000 0.012000
0 0.740500 0.753000 0.013000 0.012000
0 0.750000 0.729000 0.010000 0.012000
0 0.756000 0.726000 0.012000 0.012000
0 0.764000 0.731000 0.010000 0.010000
0 0.766000 0.736500 0.012000 0.013000
0 0.665000 0.807000 0.010000 0.010000
0 0.653000 0.864500 0.012000 0.013000
0 0.633000 0.866000 0.014000 0.014000
0 0.695000 0.943000 0.012000 0.012000
0 0.545000 0.977500 0.012000 0.013000
0 0.419500 0.866500 0.013000 0.013000
0 0.453500 0.985500 0.013000 0.013000
0 0.494000 0.985500 0.012000 0.013000
0 0.503500 0.991500 0.013000 0.013000
0 0.212500 0.812500 0.013000 0.013000
0 0.191000 0.792000 0.014000 0.014000
0 0.123500 0.759000 0.013000 0.012000
0 0.177000 0.733500 0.014000 0.013000
0 0.198000 0.722000 0.012000 0.012000
0 0.195500 0.667000 0.013000 0.012000
0 0.172000 0.683500 0.014000 0.013000
0 0.811000 0.893000 0.014000 0.014000
0 0.910000 0.798000 0.014000 0.014000
0 0.650500 0.978500 0.017000 0.017000
