0 0.861500 0.822000 0.015000 0.014000
0 0.848000 0.830000 0.014000 0.014000
0 0.794000 0.806500 0.014000 0.015000
0 0.759000 0.804500 0.014000 0.015000
0 0.748500 0.860500 0.015000 0.015000
0 0.721500 0.775000 0.015000 0.014000
0 0.637000 0.783000 0.014000 0.014000
0 0.670000 0.682000 0.014000 0.014000
0 0.704000 0.697000 0.016000 0.016000
0 0.648000 0.718500 0.014000 0.015000
0 0.581500 0.690500 0.015000 0.015000
0 0.559000 0.738000 0.014000 0.014000
0 0.596000 0.758000 0.014000 0.014000
0 0.617000 0.744000 0.014000 0.014000
0 0.602500 0.739500 0.013000 0.013000
0 0.520000 0.715500 0.014000 0.015000
0 0.471000 0.745500 0.014000 0.013000
0 0.465000 0.757000 0.014000 0.014000
0 0.510000 0.791000 0.012000 0.012000
0 0.502000 0.798000 0.014000 0.014000
0 0.500500 0.851500 0.015000 0.015000
0 0.466000 0.843500 0.014000 0.015000
0 0.454500 0.894000 0.015000 0.014000
0 0.401500 0.789000 0.015000 0.014000
0 0.356000 0.814500 0.014000 0.015000
0 0.341500 0.898000 0.015000 0.014000
0 0.303500 0.903000 0.015000 0.014000
0 0.233000 0.746000 0.016000 0.016000
0 0.316000 0.746000 0.016000 0.016000
0 0.273500 0.795000 0.015000 0.014000
0 0.232000 0.785000 0.016000 0.016000
0 0.242500 0.797000 0.015000 0.014000
0 0.228000 0.863000 0.016000 0.016000
0 0.069000 0.745000 0.014000 0.014000
0 0.107000 0.660000 0.014000 0.014000
0 0.190500 0.604500 0.015000 0.015000
0 0.185500 0.582500 0.015000 0.015000
0 0.261500 0.569500 0.015000 0.015000
0 0.303500 0.629000 0.015000 0.014000
0 0.250500 0.625000 0.015000 0.014000
0 0.217000 0.598500 0.014000 0.015000
0 0.151000 0.536000 0.016000 0.016000
0 0.059000 0.500000 0.014000 0.014000
0 0.101000 0.517000 0.014000 0.014000
0 0.151500 0.494500 0.015000 0.015000
0 0.124500 0.490500 0.015000 0.015000
0 0.054000 0.407500 0.014000 0.015000
0 0.135500 0.426000 0.015000 0.016000
0 0.098000 0.451500 0.014000 0.015000
0 0.081500 0.438500 0.015000 0.015000
0 0.152000 0.349000 0.014000 0.016000
0 0.097500 0.344000 0.015000 0.016000
0 0.194500 0.270000 0.015000 0.014000
0 0.139500 0.240000 0.015000 0.016000
0 0.111000 0.313500 0.014000 0.013000
0 0.111500 0.297500 0.013000 0.013000
0 0.122000 0.291500 0.014000 0.013000
0 0.118500 0.281500 0.015000 0.015000
0 0.258500 0.453500 0.015000 0.015000
0 0.271000 0.454000 0.016000 0.016000
0 0.372000 0.588000 0.016000 0.016000
0 0.453500 0.477500 0.015000 0.015000
0 0.488000 0.483000 0.016000 0.016000
0 0.916000 0.624000 0.014000 0.014000
0 0.858000 0.628500 0.014000 0.015000
0 0.809500 0.544500 0.015000 0.015000
0 0.792000 0.573500 0.014000 0.015000
0 0.765500 0.592500 0.013000 0.013000
0 0.769500 0.613000 0.015000 0.014000
0 0.716500 0.522500 0.015000 0.015000
0 0.713000 0.485000 0.016000 0.016000
0 0.759500 0.404500 0.015000 0.015000
0 0.651500 0.546500 0.015000 0.015000
0 0.616500 0.450500 0.015000 0.015000
0 0.657500 0.438000 0.009000 0.010000
0 0.688500 0.354500 0.015000 0.015000
0 0.546000 0.373500 0.014000 0.015000
0 0.594500 0.287000 0.015000 0.016000
0 0.633500 0.293500 0.015000 0.015000
0 0.702000 0.273500 0.014000 0.015000
0 0.663500 0.224500 0.015000 0.015000
0 0.750000 0.211000 0.014000 0.014000
0 0.699500 0.188000 0.015000 0.014000
0 0.626500 0.197500 0.015000 0.015000
0 0.763000 0.171000 0.014000 0.014000
0 0.768000 0.329000 0.014000 0.014000
0 0.900000 0.279500 0.014000 0.015000
0 0.892500 0.321500 0.015000 0.015000
0 0.907000 0.366500 0.014000 0.015000
0 0.921000 0.417000 0.014000 0.014000
0 0.974500 0.429500 0.015000 0.015000
0 0.978500 0.487500 0.013000 0.013000
0 0.971000 0.496000 0.014000 0.014000
0 0.992000 0.498000 0.014000 0.014000
0 0.635000 0.613000 0.016000 0.016000
0 0.506500 0.541500 0.015000 0.015000
0 0.473500 0.540500 0.015000 0.015000
0 0.487000 0.459000 0.014000 0.014000
0 0.504500 0.458500 0.015000 0.015000
0 0.410000 0.330000 0.016000 0.016000
0 0.461000 0.286000 0.016000 0.016000
0 0.484000 0.310000 0.016000 0.016000
0 0.311000 0.261500 0.016000 0.015000
0 0.188000 0.197000 0.014000 0.014000
0 0.261500 0.142500 0.015000 0.015000
0 0.203500 0.126500 0.013000 0.013000
0 0.216000 0.121000 0.014000 0.014000
0 0.539000 0.252500 0.016000 0.015000
0 0.569500 0.186000 0.015000 0.016000
0 0.507500 0.161500 0.015000 0.015000
0 0.519500 0.093000 0.015000 0.016000
0 0.469000 0.098000 0.016000 0.016000
0 0.419000 0.105500 0.014000 0.013000
0 0.420000 0.101000 0.012000 0.012000
0 0.334000 0.060000 0.014000 0.014000
0 0.369000 0.052000 0.014000 0.014000
0 0.296000 0.069000 0.014000 0.014000
