0 0.659000 0.347000 0.010000 0.010000
0 0.740500 0.342500 0.011000 0.011000
0 0.790500 0.367000 0.011000 0.012000
0 0.822000 0.374000 0.010000 0.010000
0 0.856000 0.386000 0.012000 0.012000
0 0.847000 0.332000 0.010000 0.010000
0 0.834000 0.294000 0.010000 0.010000
0 0.805500 0.271000 0.009000 0.010000
0 0.721500 0.233500 0.009000 0.009000
0 0.650500 0.251500 0.011000 0.011000
0 0.667500 0.198500 0.011000 0.011000
0 0.634500 0.187000 0.009000 0.010000
0 0.621500 0.286000 0.009000 0.010000
0 0.569000 0.307000 0.010000 0.010000
0 0.513000 0.233000 0.010000 0.010000
0 0.572000 0.181000 0.010000 0.010000
0 0.544000 0.178000 0.010000 0.010000
0 0.429500 0.332500 0.011000 0.011000
0 0.463000 0.398000 0.010000 0.010000
0 0.391000 0.405000 0.010000 0.010000
0 0.391000 0.454000 0.010000 0.010000
0 0.333000 0.458500 0.010000 0.011000
0 0.264000 0.432000 0.010000 0.010000
0 0.292500 0.452000 0.009000 0.010000
0 0.302500 0.454500 0.009000 0.009000
0 0.253000 0.512000 0.010000 0.010000
0 0.358500 0.528500 0.009000 0.009000
0 0.276000 0.530500 0.010000 0.011000
0 0.265000 0.537000 0.010000 0.010000
0 0.283000 0.586500 0.010000 0.011000
0 0.319000 0.598500 0.010000 0.011000
0 0.347500 0.549500 0.009000 0.009000
0 0.340500 0.545500 0.009000 0.009000
0 0.454500 0.555500 0.009000 0.009000
0 0.513500 0.651500 0.009000 0.009000
0 0.543500 0.656500 0.009000 0.009000
0 0.532500 0.692500 0.009000 0.009000
0 0.553500 0.697500 0.009000 0.009000
0 0.473500 0.678500 0.009000 0.009000
0 0.449000 0.685000 0.010000 0.010000
0 0.426000 0.724000 0.010000 0.010000
0 0.618500 0.627500 0.011000 0.011000
0 0.693500 0.699500 0.011000 0.011000
0 0.715000 0.712000 0.010000 0.010000
0 0.731000 0.723000 0.010000 0.010000
0 0.770000 0.738500 0.010000 0.011000
0 0.814500 0.792500 0.011000 0.011000
0 0.841500 0.814000 0.011000 0.012000
0 0.826500 0.651500 0.009000 0.009000
0 0.923500 0.544500 0.011000 0.011000
0 0.908500 0.555500 0.009000 0.009000
0 0.910500 0.565500 0.009000 0.009000
0 0.826000 0.465000 0.010000 0.010000
0 0.850000 0.488500 0.010000 0.009000
0 0.710500 0.465500 0.011000 0.011000
0 0.682500 0.476000 0.011000 0.010000
0 0.652500 0.519500 0.011000 0.011000
0 0.648000 0.555000 0.010000 0.010000
0 0.697500 0.856500 0.009000 0.009000
0 0.694500 0.861500 0.009000 0.009000
0 0.642000 0.905000 0.010000 0.010000
0 0.535000 0.804000 0.010000 0.010000
0 0.516500 0.851500 0.011000 0.011000
0 0.475500 0.854500 0.011000 0.011000
0 0.448000 0.834000 0.010000 0.010000
0 0.454500 0.781500 0.011000 0.011000
0 0.320000 0.713000 0.010000 0.010000
0 0.315500 0.723500 0.011000 0.011000
0 0.254000 0.739000 0.012000 0.012000
0 0.180000 0.721000 0.012000 0.012000
0 0.259000 0.782000 0.010000 0.010000
0 0.247000 0.810000 0.010000 0.010000
0 0.311000 0.807000 0.010000 0.010000
0 0.312000 0.813000 0.010000 0.010000
0 0.207000 0.786000 0.010000 0.010000
0 0.183000 0.778000 0.010000 0.010000
0 0.187000 0.781000 0.010000 0.010000
0 0.160000 0.556000 0.010000 0.010000
0 0.088000 0.530500 0.010000 0.011000
0 0.097000 0.469500 0.010000 0.009000
0 0.058500 0.424500 0.011000 0.011000
0 0.115000 0.361000 0.010000 0.010000
0 0.174500 0.360500 0.011000 0.011000
0 0.137500 0.306500 0.011000 0.011000
0 0.177500 0.246500 0.011000 0.011000
0 0.290000 0.153000 0.010000 0.010000
0 0.238500 0.156500 0.009000 0.009000
0 0.323000 0.344000 0.012000 0.012000
0 0.393000 0.106000 0.010000 0.010000
0 0.749000 0.132000 0.010000 0.010000
0 0.732000 0.118000 0.010000 0.010000
0 0.557000 0.080000 0.010000 0.010000
