0 0.502500 0.044500 0.041000 0.039000
0 0.553000 0.048000 0.040000 0.040000
0 0.547500 0.101500 0.041000 0.037000
0 0.568500 0.119000 0.039000 0.040000
0 0.554000 0.128500 0.040000 0.039000
0 0.521500 0.188500 0.051000 0.049000
0 0.469500 0.304000 0.051000 0.052000
0 0.366000 0.357000 0.046000 0.048000
0 0.331000 0.313000 0.054000 0.054000
0 0.319000 0.457500 0.038000 0.039000
0 0.383000 0.468000 0.038000 0.040000
0 0.269500 0.473500 0.033000 0.033000
0 0.248000 0.410000 0.048000 0.048000
0 0.174000 0.472500 0.044000 0.045000
0 0.288500 0.543500 0.033000 0.033000
0 0.139500 0.566000 0.045000 0.046000
0 0.253500 0.617000 0.033000 0.032000
0 0.279500 0.637000 0.029000 0.028000
0 0.180000 0.668000 0.038000 0.036000
0 0.164000 0.713500 0.038000 0.037000
0 0.177500 0.704500 0.037000 0.035000
0 0.319000 0.759500 0.034000 0.035000
0 0.335000 0.692500 0.028000 0.029000
0 0.353500 0.705500 0.031000 0.031000
0 0.391500 0.666000 0.035000 0.036000
0 0.332000 0.603000 0.034000 0.034000
0 0.276000 0.667000 0.030000 0.032000
0 0.297500 0.675000 0.029000 0.030000
0 0.322500 0.809000 0.035000 0.034000
0 0.302500 0.816500 0.037000 0.039000
0 0.420000 0.839000 0.038000 0.038000
0 0.506000 0.803000 0.036000 0.038000
0 0.572500 0.849500 0.037000 0.035000
0 0.575000 0.838000 0.034000 0.034000
0 0.464000 0.789000 0.036000 0.034000
0 0.467000 0.773500 0.036000 0.035000
0 0.419500 0.906500 0.035000 0.035000
0 0.805000 0.466500 0.042000 0.045000
0 0.808500 0.527000 0.039000 0.040000
0 0.724500 0.495500 0.043000 0.043000
0 0.916500 0.527500 0.045000 0.047000
0 0.849000 0.501000 0.040000 0.042000
0 0.733500 0.200500 0.055000 0.057000
0 0.705000 0.388000 0.050000 0.052000
0 0.555000 0.507000 0.046000 0.046000
0 0.620000 0.714500 0.046000 0.047000
0 0.679000 0.913000 0.036000 0.036000
0 0.734500 0.656500 0.039000 0.039000
0 0.780500 0.669500 0.035000 0.037000
0 0.790500 0.707500 0.035000 0.035000
0 0.850500 0.712000 0.039000 0.040000
0 0.772000 0.765000 0.038000 0.040000
0 0.761000 0.853000 0.036000 0.032000
0 0.767000 0.839000 0.034000 0.034000
0 0.405000 0.552000 0.036000 0.038000
