0 0.799500 0.258000 0.025000 0.026000
0 0.875000 0.289500 0.024000 0.025000
0 0.826500 0.337000 0.027000 0.026000
0 0.730500 0.345500 0.025000 0.027000
0 0.783500 0.190000 0.027000 0.028000
0 0.786000 0.408000 0.024000 0.026000
0 0.733000 0.521000 0.024000 0.024000
0 0.705000 0.550500 0.022000 0.021000
0 0.711500 0.568000 0.021000 0.022000
0 0.703000 0.569500 0.016000 0.015000
0 0.715000 0.642500 0.022000 0.023000
0 0.821000 0.795000 0.022000 0.022000
0 0.813500 0.770500 0.023000 0.023000
0 0.811000 0.724000 0.026000 0.026000
0 0.709500 0.793000 0.023000 0.024000
0 0.443500 0.847000 0.023000 0.024000
0 0.268000 0.750000 0.020000 0.020000
0 0.316000 0.764500 0.024000 0.023000
0 0.316000 0.679500 0.026000 0.025000
0 0.264500 0.731500 0.021000 0.021000
0 0.235500 0.688500 0.023000 0.023000
0 0.251500 0.644500 0.021000 0.023000
0 0.275000 0.627500 0.022000 0.023000
0 0.402000 0.627000 0.020000 0.018000
0 0.470000 0.568000 0.024000 0.024000
0 0.458000 0.506500 0.024000 0.023000
0 0.392000 0.493500 0.020000 0.021000
0 0.362500 0.536500 0.023000 0.023000
0 0.337000 0.521000 0.024000 0.024000
0 0.099500 0.583500 0.023000 0.023000
0 0.106500 0.612000 0.025000 0.026000
0 0.058500 0.651500 0.021000 0.023000
0 0.071500 0.663500 0.017000 0.017000
0 0.069000 0.674000 0.020000 0.020000
0 0.080000 0.711000 0.022000 0.022000
0 0.075000 0.716500 0.022000 0.021000
0 0.014000 0.543500 0.020000 0.021000
0 0.081500 0.492500 0.023000 0.023000
0 0.136000 0.475000 0.024000 0.024000
0 0.129500 0.448500 0.021000 0.021000
0 0.141500 0.435000 0.023000 0.022000
0 0.134500 0.414000 0.019000 0.018000
0 0.100000 0.293000 0.026000 0.026000
0 0.169000 0.312500 0.026000 0.027000
0 0.369500 0.281000 0.025000 0.026000
0 0.411000 0.299000 0.022000 0.022000
0 0.460000 0.347000 0.024000 0.024000
0 0.324500 0.154000 0.025000 0.026000
0 0.337000 0.211500 0.024000 0.023000
0 0.337000 0.205000 0.024000 0.024000
0 0.394000 0.190500 0.022000 0.023000
0 0.434500 0.168000 0.017000 0.018000
0 0.484500 0.190000 0.023000 0.022000
0 0.508500 0.170500 0.023000 0.023000
0 0.502500 0.145000 0.025000 0.024000
0 0.508000 0.297000 0.024000 0.024000
0 0.592000 0.279500 0.024000 0.025000
0 0.584000 0.227000 0.024000 0.024000
0 0.480500 0.057000 0.023000 0.024000
0 0.616000 0.048500 0.024000 0.025000
0 0.578500 0.126500 0.029000 0.027000
0 0.523000 0.102500 0.024000 0.025000
0 0.439000 0.050500 0.024000 0.025000
0 0.326000 0.072500 0.026000 0.027000
0 0.506500 0.353000 0.023000 0.024000
0 0.673000 0.410500 0.024000 0.025000
0 0.593500 0.526500 0.023000 0.025000
0 0.561000 0.521000 0.022000 0.024000
0 0.621000 0.575500 0.024000 0.025000
0 0.535000 0.587000 0.022000 0.022000
0 0.508500 0.653000 0.025000 0.026000
0 0.919500 0.403000 0.027000 0.026000
0 0.909000 0.626500 0.028000 0.027000
0 0.414000 0.982000 0.022000 0.022000
0 0.418500 0.990000 0.019000 0.018000
0 0.439000 0.919000 0.020000 0.020000
0 0.556000 0.943000 0.024000 0.024000
0 0.411000 0.957000 0.022000 0.022000
