0 0.783500 0.383500 0.013000 0.013000
0 0.793000 0.408000 0.014000 0.014000
0 0.718500 0.419500 0.011000 0.011000
0 0.680500 0.385500 0.013000 0.013000
0 0.685500 0.394500 0.013000 0.013000
0 0.640000 0.431000 0.014000 0.014000
0 0.666000 0.522000 0.014000 0.014000
0 0.737500 0.553000 0.015000 0.014000
0 0.805500 0.579500 0.015000 0.015000
0 0.733500 0.584500 0.015000 0.015000
0 0.761000 0.613000 0.014000 0.014000
0 0.759500 0.625500 0.013000 0.013000
0 0.753500 0.664500 0.013000 0.013000
0 0.502500 0.648500 0.013000 0.013000
0 0.513500 0.688500 0.013000 0.013000
0 0.467500 0.615500 0.013000 0.013000
0 0.467500 0.640500 0.013000 0.013000
0 0.462500 0.671500 0.013000 0.013000
0 0.417500 0.682500 0.013000 0.013000
0 0.394500 0.674500 0.013000 0.013000
0 0.415500 0.591500 0.013000 0.013000
0 0.401000 0.613000 0.012000 0.012000
0 0.379500 0.607500 0.013000 0.013000
0 0.352000 0.582000 0.012000 0.012000
0 0.324000 0.589000 0.012000 0.012000
0 0.311000 0.605000 0.012000 0.012000
0 0.309000 0.623000 0.012000 0.012000
0 0.326000 0.628000 0.012000 0.012000
0 0.334000 0.639000 0.012000 0.012000
0 0.324000 0.651000 0.012000 0.012000
0 0.356500 0.673500 0.013000 0.013000
0 0.354000 0.696000 0.008000 0.008000
0 0.338000 0.712000 0.012000 0.012000
0 0.314000 0.715500 0.012000 0.011000
0 0.304500 0.705500 0.011000 0.011000
0 0.302000 0.683000 0.012000 0.012000
0 0.314500 0.732500 0.011000 0.011000
0 0.380500 0.830500 0.013000 0.013000
0 0.283500 0.755000 0.011000 0.012000
0 0.315000 0.756000 0.012000 0.012000
0 0.310500 0.778500 0.013000 0.013000
0 0.288000 0.824000 0.010000 0.010000
0 0.283000 0.850500 0.010000 0.011000
0 0.231500 0.812500 0.013000 0.013000
0 0.189000 0.724000 0.012000 0.012000
0 0.171000 0.724500 0.010000 0.011000
0 0.131000 0.704000 0.012000 0.012000
0 0.148000 0.738000 0.012000 0.012000
0 0.167000 0.756000 0.012000 0.012000
0 0.197500 0.783500 0.011000 0.011000
0 0.184500 0.782500 0.011000 0.011000
0 0.198500 0.800500 0.011000 0.011000
0 0.185000 0.799000 0.010000 0.010000
0 0.173500 0.793500 0.011000 0.011000
0 0.427500 0.845500 0.013000 0.013000
0 0.474500 0.840500 0.013000 0.013000
0 0.464500 0.877500 0.013000 0.013000
0 0.382500 0.855500 0.011000 0.011000
0 0.667000 0.902000 0.012000 0.012000
0 0.603500 0.913500 0.015000 0.015000
0 0.870500 0.724500 0.013000 0.013000
0 0.893500 0.637500 0.015000 0.015000
0 0.878000 0.608000 0.014000 0.014000
0 0.850000 0.589000 0.014000 0.014000
0 0.886000 0.485000 0.014000 0.014000
0 0.849000 0.432000 0.014000 0.014000
0 0.872500 0.400500 0.013000 0.013000
0 0.879000 0.358000 0.012000 0.012000
0 0.885000 0.357000 0.012000 0.012000
0 0.844000 0.316000 0.012000 0.012000
0 0.819000 0.310000 0.012000 0.012000
0 0.776000 0.309000 0.012000 0.012000
0 0.779000 0.320000 0.012000 0.012000
0 0.762000 0.321000 0.012000 0.012000
0 0.727000 0.321000 0.012000 0.012000
0 0.774000 0.339000 0.012000 0.012000
0 0.754000 0.352000 0.014000 0.014000
0 0.501500 0.480500 0.015000 0.015000
0 0.305000 0.426000 0.014000 0.014000
0 0.269500 0.598500 0.013000 0.013000
0 0.248000 0.578000 0.014000 0.014000
0 0.213000 0.588000 0.012000 0.012000
0 0.188500 0.567500 0.013000 0.013000
0 0.123500 0.527500 0.013000 0.013000
0 0.052500 0.564500 0.013000 0.013000
0 0.113500 0.394500 0.013000 0.013000
0 0.126500 0.383500 0.013000 0.013000
0 0.129000 0.328000 0.010000 0.010000
0 0.257000 0.306000 0.012000 0.012000
0 0.197500 0.216500 0.013000 0.013000
0 0.265500 0.217500 0.013000 0.013000
0 0.340500 0.211500 0.013000 0.013000
0 0.324000 0.229000 0.012000 0.012000
0 0.359000 0.269000 0.012000 0.012000
0 0.321000 0.279000 0.014000 0.014000
0 0.339500 0.313500 0.011000 0.011000
0 0.302500 0.192500 0.011000 0.011000
0 0.308500 0.190500 0.011000 0.011000
0 0.727500 0.154500 0.011000 0.011000
0 0.675000 0.177000 0.012000 0.012000
0 0.797000 0.159000 0.012000 0.012000
0 0.741500 0.188500 0.011000 0.011000
0 0.745500 0.193500 0.011000 0.011000
0 0.745500 0.203500 0.011000 0.011000
0 0.721500 0.238500 0.011000 0.011000
0 0.722500 0.245500 0.013000 0.013000
0 0.930000 0.346000 0.012000 0.012000
0 0.949000 0.389000 0.012000 0.012000
0 0.946500 0.350500 0.013000 0.013000
0 0.431000 0.120500 0.012000 0.013000
0 0.409500 0.140500 0.013000 0.013000
0 0.373500 0.107500 0.013000 0.013000
0 0.350000 0.098500 0.012000 0.013000
0 0.319000 0.122000 0.014000 0.014000
