0 0.610500 0.400500 0.015000 0.015000
0 0.591000 0.396500 0.014000 0.015000
0 0.652000 0.442500 0.014000 0.015000
0 0.627000 0.351000 0.014000 0.014000
0 0.637000 0.299500 0.014000 0.015000
0 0.608500 0.315500 0.013000 0.013000
0 0.606500 0.331500 0.013000 0.013000
0 0.554000 0.323500 0.014000 0.015000
0 0.719000 0.363000 0.014000 0.014000
0 0.720500 0.383500 0.013000 0.013000
0 0.738500 0.421500 0.015000 0.015000
0 0.837500 0.448000 0.015000 0.014000
0 0.900000 0.505000 0.010000 0.010000
0 0.958000 0.551500 0.010000 0.011000
0 0.844000 0.649000 0.012000 0.012000
0 0.725500 0.691000 0.013000 0.014000
0 0.738000 0.705000 0.012000 0.012000
0 0.669000 0.790000 0.012000 0.012000
0 0.580000 0.818000 0.012000 0.012000
0 0.566500 0.848000 0.013000 0.012000
0 0.645000 0.862000 0.014000 0.014000
0 0.691500 0.866500 0.013000 0.013000
0 0.682500 0.893500 0.013000 0.013000
0 0.572500 0.913500 0.013000 0.013000
0 0.490500 0.888000 0.013000 0.014000
0 0.447000 0.890500 0.012000 0.013000
0 0.358000 0.907000 0.012000 0.012000
0 0.330000 0.820000 0.012000 0.012000
0 0.356500 0.775500 0.013000 0.013000
0 0.267500 0.869000 0.009000 0.010000
0 0.279000 0.757000 0.012000 0.012000
0 0.171000 0.724000 0.012000 0.012000
0 0.291000 0.682000 0.012000 0.012000
0 0.330000 0.663000 0.014000 0.014000
0 0.243500 0.666500 0.013000 0.013000
0 0.168000 0.653500 0.012000 0.013000
0 0.111000 0.645500 0.012000 0.013000
0 0.181000 0.605000 0.014000 0.014000
0 0.218000 0.620000 0.014000 0.014000
0 0.122000 0.605500 0.014000 0.015000
0 0.073500 0.547500 0.013000 0.013000
0 0.086500 0.563000 0.013000 0.014000
0 0.110500 0.558500 0.015000 0.015000
0 0.252000 0.568000 0.014000 0.014000
0 0.234000 0.544000 0.012000 0.012000
0 0.245000 0.539000 0.014000 0.014000
0 0.134000 0.493500 0.014000 0.013000
0 0.524000 0.754000 0.014000 0.014000
0 0.380000 0.650000 0.014000 0.014000
0 0.402500 0.576500 0.015000 0.015000
0 0.435000 0.552000 0.014000 0.014000
0 0.414000 0.481000 0.014000 0.014000
0 0.494500 0.474500 0.015000 0.015000
0 0.522000 0.461000 0.014000 0.014000
0 0.518500 0.506500 0.013000 0.013000
0 0.412000 0.414000 0.014000 0.014000
0 0.446000 0.363000 0.014000 0.014000
0 0.461500 0.300000 0.015000 0.016000
0 0.455500 0.266000 0.015000 0.016000
0 0.535500 0.217000 0.015000 0.014000
0 0.577000 0.191500 0.014000 0.015000
0 0.355000 0.407000 0.014000 0.014000
0 0.370000 0.412000 0.014000 0.014000
0 0.349000 0.454000 0.014000 0.014000
0 0.092500 0.399500 0.013000 0.013000
0 0.332000 0.315000 0.016000 0.016000
0 0.779000 0.814500 0.014000 0.015000
0 0.874500 0.776000 0.011000 0.012000
0 0.872000 0.782000 0.012000 0.012000
0 0.717000 0.593000 0.014000 0.014000
0 0.814000 0.281500 0.014000 0.013000
0 0.793500 0.237500 0.013000 0.013000
0 0.768000 0.229500 0.014000 0.015000
0 0.820500 0.171500 0.013000 0.013000
0 0.809500 0.187500 0.011000 0.011000
0 0.706500 0.101500 0.013000 0.013000
0 0.708500 0.125500 0.013000 0.013000
0 0.750000 0.144500 0.012000 0.013000
0 0.561000 0.145000 0.014000 0.014000
