0 0.631500 0.933500 0.009000 0.009000
0 0.590500 0.941500 0.009000 0.009000
0 0.722500 0.766500 0.011000 0.011000
0 0.646000 0.748000 0.010000 0.010000
0 0.717000 0.641000 0.010000 0.010000
0 0.724500 0.656500 0.009000 0.009000
0 0.629500 0.693500 0.011000 0.011000
0 0.593500 0.701500 0.011000 0.011000
0 0.623500 0.717500 0.009000 0.009000
0 0.621500 0.725500 0.009000 0.009000
0 0.615500 0.607500 0.011000 0.011000
0 0.579500 0.607500 0.011000 0.011000
0 0.564000 0.529000 0.010000 0.010000
0 0.643500 0.512500 0.009000 0.009000
0 0.599000 0.446500 0.010000 0.011000
0 0.616500 0.407000 0.011000 0.012000
0 0.606000 0.399500 0.010000 0.011000
0 0.579000 0.336000 0.010000 0.010000
0 0.494500 0.386500 0.011000 0.011000
0 0.438000 0.380000 0.010000 0.010000
0 0.452000 0.408000 0.010000 0.010000
0 0.470500 0.405500 0.011000 0.011000
0 0.512000 0.467000 0.010000 0.010000
0 0.409000 0.417000 0.012000 0.012000
0 0.382500 0.425500 0.009000 0.009000
0 0.425000 0.516000 0.010000 0.010000
0 0.436000 0.511000 0.010000 0.010000
0 0.370000 0.532000 0.010000 0.010000
0 0.376000 0.513000 0.010000 0.010000
0 0.352000 0.547000 0.010000 0.010000
0 0.381000 0.553000 0.010000 0.010000
0 0.464000 0.486000 0.010000 0.010000
0 0.520000 0.541000 0.010000 0.010000
0 0.511500 0.503500 0.009000 0.009000
0 0.492500 0.514500 0.011000 0.011000
0 0.440000 0.608000 0.010000 0.010000
0 0.526000 0.623000 0.010000 0.010000
0 0.386000 0.679000 0.010000 0.010000
0 0.390000 0.687000 0.010000 0.010000
0 0.393000 0.696000 0.010000 0.010000
0 0.402000 0.698000 0.010000 0.010000
0 0.436000 0.695000 0.010000 0.010000
0 0.324000 0.639000 0.010000 0.010000
0 0.483500 0.750500 0.009000 0.009000
0 0.441000 0.754000 0.010000 0.010000
0 0.426000 0.817500 0.010000 0.011000
0 0.341000 0.840000 0.010000 0.010000
0 0.280000 0.736000 0.010000 0.010000
0 0.144500 0.744500 0.009000 0.009000
0 0.180000 0.738000 0.010000 0.010000
0 0.188000 0.740000 0.010000 0.010000
0 0.230500 0.641500 0.009000 0.009000
0 0.240500 0.630500 0.011000 0.011000
0 0.251500 0.599500 0.011000 0.011000
0 0.156500 0.603500 0.011000 0.011000
0 0.127500 0.631500 0.011000 0.011000
0 0.146000 0.536000 0.010000 0.010000
0 0.143000 0.503000 0.010000 0.010000
0 0.209000 0.476000 0.010000 0.010000
0 0.110000 0.445000 0.010000 0.010000
0 0.100000 0.380000 0.010000 0.010000
0 0.225500 0.305500 0.011000 0.011000
0 0.169000 0.324000 0.010000 0.010000
0 0.158500 0.317500 0.011000 0.011000
0 0.115000 0.335000 0.010000 0.010000
0 0.094000 0.336000 0.010000 0.010000
0 0.163500 0.272500 0.009000 0.009000
0 0.172500 0.262500 0.009000 0.009000
0 0.176500 0.251500 0.009000 0.009000
0 0.246500 0.274500 0.011000 0.011000
0 0.253500 0.268500 0.011000 0.011000
0 0.277500 0.256500 0.011000 0.011000
0 0.297500 0.291500 0.009000 0.009000
0 0.269000 0.220000 0.010000 0.010000
0 0.334000 0.212000 0.010000 0.010000
0 0.475500 0.297500 0.011000 0.011000
0 0.427000 0.328000 0.008000 0.008000
0 0.403000 0.288000 0.012000 0.012000
0 0.349000 0.332000 0.008000 0.008000
0 0.341000 0.334000 0.008000 0.008000
0 0.352000 0.347000 0.008000 0.008000
0 0.330500 0.356500 0.009000 0.009000
0 0.316500 0.542500 0.011000 0.011000
0 0.308000 0.563000 0.010000 0.010000
0 0.322000 0.600000 0.010000 0.010000
0 0.755500 0.547500 0.011000 0.011000
0 0.750000 0.558000 0.010000 0.010000
0 0.795000 0.478000 0.010000 0.010000
0 0.892000 0.463000 0.010000 0.010000
0 0.782500 0.352500 0.011000 0.011000
0 0.763500 0.371500 0.011000 0.011000
0 0.881500 0.341500 0.009000 0.009000
0 0.892500 0.354500 0.009000 0.009000
0 0.903500 0.265500 0.011000 0.011000
0 0.917500 0.291500 0.011000 0.011000
0 0.892000 0.262000 0.008000 0.008000
0 0.931500 0.300500 0.009000 0.009000
0 0.938000 0.311000 0.010000 0.010000
0 0.795000 0.245000 0.010000 0.010000
0 0.746000 0.202000 0.010000 0.010000
0 0.697500 0.250000 0.011000 0.010000
0 0.673000 0.297000 0.010000 0.010000
0 0.605000 0.167000 0.010000 0.010000
0 0.614000 0.217000 0.010000 0.010000
0 0.627000 0.222000 0.010000 0.010000
0 0.618000 0.231000 0.010000 0.010000
0 0.614000 0.257000 0.010000 0.010000
0 0.451500 0.194500 0.011000 0.011000
0 0.485500 0.146000 0.009000 0.010000
0 0.502500 0.178000 0.009000 0.010000
0 0.371500 0.152500 0.009000 0.009000
0 0.444000 0.129000 0.010000 0.010000
0 0.408500 0.116500 0.009000 0.009000
0 0.455000 0.063000 0.010000 0.010000
0 0.488000 0.037000 0.010000 0.010000
0 0.452000 0.024000 0.010000 0.010000
0 0.408000 0.030000 0.010000 0.010000
0 0.333500 0.098000 0.011000 0.012000
0 0.293000 0.086000 0.010000 0.010000
0 0.776000 0.116000 0.008000 0.008000
0 0.760500 0.150500 0.011000 0.011000
