0 0.862500 0.571500 0.053000 0.057000
0 0.936000 0.567000 0.042000 0.042000
0 0.941000 0.552000 0.042000 0.044000
0 0.689500 0.598000 0.049000 0.052000
0 0.637000 0.597000 0.044000 0.046000
0 0.601500 0.670500 0.043000 0.043000
0 0.512000 0.596000 0.034000 0.034000
0 0.439000 0.669500 0.028000 0.029000
0 0.421000 0.688500 0.028000 0.027000
0 0.443000 0.727000 0.032000 0.032000
0 0.480000 0.724000 0.034000 0.036000
0 0.450000 0.761500 0.036000 0.035000
0 0.356000 0.763000 0.036000 0.038000
0 0.370500 0.672500 0.029000 0.031000
0 0.343000 0.654500 0.028000 0.027000
0 0.342500 0.638000 0.027000 0.026000
0 0.282000 0.759500 0.034000 0.035000
0 0.185500 0.793500 0.039000 0.041000
0 0.223500 0.661500 0.031000 0.031000
0 0.240500 0.697000 0.031000 0.030000
0 0.240000 0.684000 0.030000 0.028000
0 0.158500 0.547000 0.031000 0.032000
0 0.168500 0.593000 0.031000 0.032000
0 0.128000 0.605500 0.030000 0.031000
0 0.096000 0.633500 0.030000 0.031000
0 0.249000 0.570000 0.026000 0.026000
0 0.227500 0.588000 0.025000 0.024000
0 0.229500 0.600000 0.027000 0.026000
0 0.078000 0.484000 0.030000 0.032000
0 0.069000 0.533000 0.026000 0.030000
0 0.044000 0.533500 0.026000 0.029000
0 0.233000 0.510000 0.028000 0.030000
0 0.288000 0.518500 0.026000 0.027000
0 0.350000 0.558000 0.026000 0.026000
0 0.365500 0.568000 0.023000 0.024000
0 0.412500 0.571500 0.025000 0.025000
0 0.410000 0.520000 0.026000 0.026000
0 0.411000 0.479000 0.026000 0.026000
0 0.458500 0.468000 0.029000 0.030000
0 0.373000 0.458500 0.026000 0.025000
0 0.314500 0.478500 0.027000 0.025000
0 0.314500 0.491500 0.025000 0.025000
0 0.294500 0.586500 0.025000 0.023000
0 0.295000 0.595000 0.024000 0.024000
0 0.482500 0.575500 0.029000 0.029000
0 0.440000 0.576500 0.026000 0.027000
0 0.450000 0.563000 0.024000 0.026000
0 0.468000 0.535500 0.024000 0.025000
0 0.473000 0.524000 0.028000 0.028000
0 0.580500 0.448500 0.041000 0.043000
0 0.543000 0.408000 0.036000 0.038000
0 0.498000 0.410000 0.034000 0.034000
0 0.495500 0.369000 0.041000 0.040000
0 0.613000 0.375500 0.050000 0.051000
0 0.680000 0.291500 0.062000 0.063000
0 0.827000 0.373000 0.064000 0.064000
0 0.597500 0.750500 0.047000 0.047000
0 0.731000 0.854000 0.050000 0.054000
0 0.565500 0.933000 0.047000 0.046000
0 0.374000 0.421500 0.024000 0.023000
0 0.406500 0.417500 0.027000 0.027000
0 0.423000 0.388500 0.026000 0.027000
0 0.405000 0.377500 0.026000 0.027000
0 0.328500 0.382000 0.023000 0.024000
0 0.342500 0.389500 0.023000 0.023000
0 0.375500 0.348500 0.025000 0.025000
0 0.268000 0.404500 0.024000 0.025000
0 0.275000 0.409500 0.026000 0.027000
0 0.261500 0.344000 0.025000 0.026000
0 0.298500 0.332500 0.027000 0.027000
0 0.322000 0.271000 0.032000 0.034000
0 0.367500 0.294500 0.031000 0.031000
0 0.389000 0.318000 0.034000 0.036000
0 0.344000 0.316500 0.026000 0.027000
0 0.333500 0.334500 0.023000 0.023000
0 0.139000 0.413500 0.036000 0.037000
0 0.216000 0.352000 0.030000 0.032000
0 0.150500 0.273500 0.029000 0.031000
0 0.211500 0.288500 0.029000 0.029000
0 0.171000 0.311000 0.026000 0.028000
0 0.149000 0.309000 0.026000 0.028000
0 0.176500 0.230000 0.027000 0.028000
0 0.189500 0.205500 0.027000 0.027000
0 0.222500 0.243500 0.025000 0.027000
0 0.238500 0.240000 0.025000 0.028000
0 0.211500 0.214500 0.023000 0.025000
0 0.216500 0.208500 0.025000 0.025000
0 0.343500 0.117500 0.045000 0.047000
0 0.300000 0.123000 0.032000 0.034000
0 0.289500 0.141500 0.031000 0.031000
0 0.250500 0.123500 0.033000 0.033000
