0 0.568500 0.740500 0.013000 0.013000
0 0.579500 0.742000 0.013000 0.014000
0 0.618500 0.746000 0.013000 0.014000
0 0.616000 0.763000 0.014000 0.014000
0 0.592000 0.776000 0.014000 0.014000
0 0.582000 0.809000 0.014000 0.014000
0 0.583500 0.658000 0.013000 0.012000
0 0.502500 0.582500 0.013000 0.013000
0 0.515000 0.566500 0.014000 0.015000
0 0.618500 0.559500 0.013000 0.013000
0 0.583500 0.522000 0.011000 0.010000
0 0.711000 0.569500 0.012000 0.013000
0 0.648000 0.546000 0.012000 0.012000
0 0.651000 0.551000 0.012000 0.012000
0 0.654000 0.561000 0.012000 0.012000
0 0.632000 0.443000 0.012000 0.012000
0 0.638000 0.440000 0.012000 0.012000
0 0.709000 0.390500 0.014000 0.013000
0 0.612000 0.475000 0.014000 0.014000
0 0.566500 0.396000 0.015000 0.014000
0 0.511000 0.481000 0.016000 0.016000
0 0.477000 0.514000 0.016000 0.014000
0 0.417500 0.441000 0.013000 0.014000
0 0.423000 0.437000 0.014000 0.014000
0 0.934500 0.416500 0.013000 0.013000
0 0.944000 0.429000 0.014000 0.014000
0 0.921000 0.548500 0.014000 0.013000
0 0.922000 0.568000 0.014000 0.014000
0 0.917000 0.632000 0.014000 0.014000
0 0.788000 0.644000 0.014000 0.014000
0 0.455500 0.657500 0.013000 0.013000
0 0.418000 0.555000 0.014000 0.014000
0 0.342000 0.637000 0.014000 0.014000
0 0.344500 0.692500 0.013000 0.013000
0 0.324500 0.701500 0.013000 0.013000
0 0.320000 0.644000 0.014000 0.014000
0 0.314000 0.600000 0.012000 0.012000
0 0.287500 0.653000 0.015000 0.014000
0 0.253000 0.656000 0.014000 0.014000
0 0.222000 0.632000 0.014000 0.014000
0 0.202000 0.653500 0.012000 0.013000
0 0.219500 0.710500 0.013000 0.013000
0 0.281000 0.708000 0.014000 0.014000
0 0.300500 0.717500 0.013000 0.013000
0 0.358500 0.813500 0.013000 0.013000
0 0.355500 0.830000 0.013000 0.014000
0 0.251500 0.820000 0.011000 0.010000
0 0.211500 0.804500 0.013000 0.013000
0 0.195000 0.784000 0.012000 0.012000
0 0.182000 0.719000 0.012000 0.012000
0 0.280500 0.728500 0.013000 0.013000
0 0.291000 0.734500 0.012000 0.011000
0 0.267500 0.748000 0.013000 0.012000
0 0.309000 0.879000 0.014000 0.014000
0 0.822000 0.775500 0.014000 0.015000
0 0.717500 0.751500 0.015000 0.015000
0 0.695000 0.320500 0.014000 0.015000
0 0.716000 0.164500 0.012000 0.013000
0 0.814000 0.185000 0.012000 0.012000
0 0.755000 0.140000 0.012000 0.012000
0 0.774500 0.139500 0.013000 0.013000
0 0.836000 0.162000 0.012000 0.012000
0 0.807500 0.142500 0.013000 0.013000
0 0.604000 0.086000 0.014000 0.014000
0 0.572500 0.184000 0.015000 0.014000
0 0.539000 0.057000 0.014000 0.014000
0 0.555500 0.061500 0.013000 0.013000
0 0.479000 0.101000 0.012000 0.012000
0 0.435500 0.085000 0.013000 0.014000
0 0.338500 0.062000 0.011000 0.012000
0 0.297000 0.151000 0.012000 0.012000
0 0.296500 0.183500 0.013000 0.013000
0 0.312000 0.223500 0.014000 0.015000
0 0.276000 0.265500 0.014000 0.015000
0 0.422500 0.223000 0.015000 0.016000
0 0.386000 0.257000 0.014000 0.014000
0 0.324000 0.356000 0.014000 0.014000
0 0.205000 0.497000 0.014000 0.014000
0 0.183500 0.521000 0.013000 0.014000
0 0.259500 0.535500 0.013000 0.013000
0 0.264000 0.548000 0.012000 0.012000
0 0.273000 0.554000 0.012000 0.012000
0 0.205000 0.548000 0.012000 0.012000
0 0.218500 0.551500 0.013000 0.013000
0 0.233000 0.559000 0.012000 0.012000
0 0.243000 0.580000 0.012000 0.012000
0 0.246500 0.578500 0.011000 0.011000
0 0.259000 0.586000 0.012000 0.012000
0 0.267000 0.582000 0.010000 0.010000
0 0.160000 0.593000 0.012000 0.012000
0 0.169500 0.645000 0.013000 0.012000
0 0.161000 0.673000 0.012000 0.012000
0 0.156000 0.679000 0.012000 0.012000
0 0.121500 0.646500 0.011000 0.011000
0 0.098500 0.643500 0.013000 0.013000
0 0.139500 0.613500 0.011000 0.011000
0 0.143000 0.623000 0.012000 0.012000
0 0.068000 0.538000 0.012000 0.012000
0 0.077500 0.561500 0.013000 0.013000
0 0.123000 0.568500 0.012000 0.011000
0 0.122500 0.524500 0.013000 0.013000
0 0.102500 0.459500 0.013000 0.013000
0 0.187000 0.437500 0.014000 0.013000
0 0.124000 0.406000 0.012000 0.012000
0 0.172500 0.389500 0.013000 0.013000
0 0.102500 0.374500 0.013000 0.013000
0 0.065500 0.386000 0.013000 0.012000
0 0.108000 0.317000 0.012000 0.012000
0 0.102000 0.330000 0.012000 0.012000
