0 0.484500 0.740500 0.015000 0.015000
0 0.472500 0.720500 0.015000 0.015000
0 0.582000 0.687000 0.014000 0.014000
0 0.452500 0.678500 0.015000 0.015000
0 0.510000 0.646000 0.014000 0.014000
0 0.529500 0.649000 0.013000 0.014000
0 0.555000 0.639000 0.014000 0.014000
0 0.577500 0.578500 0.013000 0.013000
0 0.573500 0.601500 0.013000 0.013000
0 0.559500 0.612500 0.011000 0.011000
0 0.527500 0.614500 0.013000 0.013000
0 0.473500 0.613500 0.013000 0.013000
0 0.478500 0.588500 0.013000 0.013000
0 0.462500 0.535000 0.013000 0.014000
0 0.514000 0.514000 0.014000 0.014000
0 0.591000 0.504000 0.014000 0.014000
0 0.527500 0.500000 0.011000 0.010000
0 0.507500 0.467500 0.013000 0.013000
0 0.469000 0.487000 0.014000 0.014000
0 0.479500 0.498000 0.013000 0.014000
0 0.431000 0.624500 0.014000 0.015000
0 0.425500 0.651500 0.015000 0.015000
0 0.340000 0.607500 0.014000 0.015000
0 0.342500 0.536500 0.015000 0.015000
0 0.351000 0.512000 0.014000 0.014000
0 0.354000 0.447000 0.014000 0.014000
0 0.365500 0.417500 0.015000 0.015000
0 0.334000 0.389000 0.014000 0.014000
0 0.370000 0.367000 0.014000 0.014000
0 0.424500 0.343000 0.013000 0.014000
0 0.396500 0.300500 0.013000 0.013000
0 0.369000 0.149000 0.014000 0.014000
0 0.352000 0.084500 0.014000 0.013000
0 0.363000 0.076000 0.014000 0.014000
0 0.209000 0.199500 0.014000 0.015000
0 0.191000 0.355000 0.014000 0.014000
0 0.191500 0.370500 0.015000 0.015000
0 0.146000 0.411500 0.014000 0.015000
0 0.251500 0.539000 0.015000 0.016000
0 0.123000 0.544500 0.014000 0.015000
0 0.215500 0.596000 0.013000 0.014000
0 0.278500 0.626500 0.015000 0.015000
0 0.250500 0.656000 0.013000 0.014000
0 0.254000 0.671000 0.014000 0.014000
0 0.299000 0.685500 0.014000 0.015000
0 0.371000 0.744500 0.014000 0.015000
0 0.357500 0.785000 0.013000 0.014000
0 0.282500 0.771500 0.013000 0.013000
0 0.220500 0.740000 0.015000 0.016000
0 0.260500 0.848500 0.013000 0.015000
0 0.236500 0.858000 0.011000 0.012000
0 0.241000 0.862500 0.010000 0.011000
0 0.382000 0.869000 0.014000 0.014000
0 0.465000 0.346000 0.016000 0.016000
0 0.516500 0.199500 0.015000 0.015000
0 0.505000 0.112500 0.014000 0.015000
0 0.511000 0.091000 0.012000 0.014000
0 0.744000 0.140000 0.014000 0.014000
0 0.740500 0.177500 0.015000 0.015000
0 0.712000 0.161000 0.014000 0.014000
0 0.759500 0.246500 0.013000 0.013000
0 0.831500 0.255000 0.013000 0.012000
0 0.902000 0.348000 0.014000 0.014000
0 0.925000 0.381000 0.014000 0.014000
0 0.882500 0.376500 0.013000 0.013000
0 0.905000 0.420500 0.012000 0.013000
0 0.891500 0.440500 0.013000 0.013000
0 0.929500 0.473000 0.013000 0.014000
0 0.882000 0.538500 0.012000 0.013000
0 0.898500 0.539500 0.013000 0.013000
0 0.927500 0.540000 0.013000 0.014000
0 0.943000 0.563500 0.012000 0.013000
0 0.926500 0.592500 0.013000 0.013000
0 0.982500 0.505000 0.013000 0.014000
0 0.752500 0.604000 0.013000 0.014000
0 0.745500 0.616000 0.013000 0.014000
0 0.866500 0.675500 0.013000 0.013000
0 0.738000 0.684000 0.014000 0.014000
0 0.857500 0.764500 0.013000 0.013000
0 0.773000 0.784500 0.012000 0.013000
0 0.729000 0.752500 0.014000 0.013000
0 0.736000 0.760000 0.012000 0.012000
0 0.628500 0.868500 0.013000 0.013000
0 0.630500 0.875500 0.013000 0.013000
0 0.763000 0.868000 0.012000 0.012000
0 0.744000 0.874000 0.012000 0.012000
0 0.746000 0.867500 0.012000 0.013000
0 0.567000 0.852500 0.014000 0.015000
0 0.142500 0.753000 0.013000 0.014000
0 0.693000 0.653000 0.014000 0.014000
0 0.684000 0.674500 0.014000 0.015000
0 0.666000 0.581500 0.014000 0.015000
0 0.652000 0.555500 0.014000 0.015000
0 0.730500 0.419500 0.015000 0.015000
0 0.654500 0.421500 0.011000 0.011000
0 0.624000 0.418000 0.014000 0.014000
0 0.668000 0.365000 0.014000 0.014000
0 0.713000 0.375000 0.014000 0.014000
0 0.779000 0.378000 0.014000 0.014000
0 0.806500 0.379500 0.013000 0.013000
0 0.827000 0.369000 0.014000 0.014000
0 0.771500 0.335500 0.013000 0.013000
0 0.755500 0.339500 0.013000 0.013000
0 0.747000 0.349000 0.014000 0.014000
0 0.640000 0.304500 0.014000 0.015000
0 0.628000 0.284000 0.014000 0.014000
0 0.599500 0.258500 0.015000 0.015000
