0 0.520000 0.795000 0.010000 0.010000
0 0.496500 0.837500 0.011000 0.011000
0 0.495000 0.851500 0.012000 0.011000
0 0.481500 0.869000 0.011000 0.010000
0 0.497500 0.878500 0.009000 0.009000
0 0.541500 0.935500 0.011000 0.011000
0 0.551500 0.940500 0.011000 0.011000
0 0.452500 0.977500 0.011000 0.011000
0 0.446000 0.850000 0.010000 0.010000
0 0.423500 0.842500 0.011000 0.011000
0 0.427500 0.822500 0.009000 0.009000
0 0.426500 0.828500 0.009000 0.009000
0 0.426000 0.785000 0.010000 0.010000
0 0.539500 0.700500 0.013000 0.013000
0 0.464500 0.682500 0.011000 0.011000
0 0.418000 0.698500 0.010000 0.011000
0 0.456500 0.639000 0.009000 0.010000
0 0.561500 0.614000 0.011000 0.012000
0 0.411500 0.641500 0.011000 0.011000
0 0.331500 0.721500 0.011000 0.011000
0 0.363500 0.799500 0.011000 0.011000
0 0.393500 0.886500 0.011000 0.011000
0 0.324000 0.896500 0.012000 0.013000
0 0.323500 0.863500 0.011000 0.011000
0 0.333000 0.854000 0.012000 0.012000
0 0.331500 0.833500 0.011000 0.011000
0 0.347000 0.817500 0.012000 0.013000
0 0.338500 0.809500 0.011000 0.011000
0 0.285000 0.693500 0.012000 0.013000
0 0.162500 0.716000 0.011000 0.012000
0 0.199000 0.836000 0.012000 0.012000
0 0.180000 0.650000 0.012000 0.012000
0 0.174000 0.626000 0.010000 0.010000
0 0.164000 0.629500 0.008000 0.009000
0 0.092000 0.676500 0.012000 0.011000
0 0.088500 0.608500 0.011000 0.011000
0 0.135000 0.407500 0.010000 0.009000
0 0.221000 0.407500 0.012000 0.011000
0 0.222500 0.368000 0.013000 0.012000
0 0.192500 0.360000 0.011000 0.012000
0 0.271500 0.289000 0.011000 0.012000
0 0.353000 0.292500 0.012000 0.011000
0 0.369000 0.319000 0.010000 0.010000
0 0.338000 0.401000 0.012000 0.012000
0 0.125000 0.249000 0.012000 0.012000
0 0.794000 0.820000 0.010000 0.010000
0 0.824500 0.794000 0.011000 0.012000
0 0.835000 0.731000 0.012000 0.012000
0 0.730500 0.676000 0.013000 0.012000
0 0.790000 0.715000 0.010000 0.010000
0 0.643500 0.783500 0.011000 0.011000
0 0.598000 0.560500 0.012000 0.013000
0 0.657500 0.577000 0.011000 0.012000
0 0.863500 0.542500 0.011000 0.011000
0 0.949000 0.524000 0.012000 0.012000
0 0.934000 0.527500 0.010000 0.011000
0 0.936000 0.483000 0.012000 0.012000
0 0.914000 0.506500 0.012000 0.011000
0 0.883500 0.512500 0.011000 0.011000
0 0.720000 0.203500 0.010000 0.011000
0 0.695500 0.120500 0.009000 0.009000
0 0.593000 0.194500 0.010000 0.011000
0 0.608500 0.238500 0.011000 0.011000
0 0.555500 0.134500 0.011000 0.011000
0 0.551500 0.152000 0.011000 0.010000
0 0.499000 0.586000 0.010000 0.010000
0 0.426500 0.581500 0.011000 0.011000
0 0.411000 0.545000 0.010000 0.010000
0 0.502500 0.448000 0.013000 0.012000
0 0.651000 0.388000 0.010000 0.010000
0 0.655500 0.404500 0.011000 0.011000
0 0.623500 0.414000 0.011000 0.012000
0 0.620000 0.376500 0.010000 0.011000
0 0.607000 0.397000 0.010000 0.010000
0 0.527000 0.392500 0.012000 0.013000
0 0.541000 0.389000 0.012000 0.012000
0 0.731000 0.530000 0.012000 0.012000
0 0.910500 0.696500 0.011000 0.011000
0 0.916500 0.687500 0.011000 0.011000
