0 0.192000 0.538000 0.086000 0.086000
0 0.497500 0.612000 0.071000 0.074000
0 0.416000 0.594000 0.072000 0.072000
0 0.428000 0.616500 0.064000 0.069000
0 0.787000 0.611500 0.074000 0.075000
0 0.874000 0.581000 0.064000 0.066000
0 0.858500 0.496000 0.055000 0.056000
0 0.817500 0.430000 0.053000 0.050000
0 0.809500 0.361500 0.055000 0.053000
0 0.851500 0.325500 0.061000 0.059000
0 0.937500 0.347500 0.057000 0.059000
0 0.688500 0.317500 0.071000 0.069000
0 0.675000 0.402000 0.066000 0.066000
0 0.557500 0.070500 0.043000 0.045000
0 0.176000 0.284000 0.022000 0.022000
0 0.282000 0.089500 0.018000 0.019000
