0 0.504000 0.123500 0.010000 0.011000
0 0.477000 0.369500 0.012000 0.011000
0 0.612000 0.369500 0.012000 0.011000
0 0.565500 0.449500 0.011000 0.011000
0 0.583500 0.518500 0.011000 0.011000
0 0.666500 0.528500 0.011000 0.011000
0 0.520500 0.646500 0.009000 0.009000
0 0.574000 0.763500 0.010000 0.009000
0 0.579000 0.792000 0.010000 0.010000
0 0.676000 0.921000 0.010000 0.010000
0 0.534000 0.944000 0.010000 0.010000
0 0.613500 0.948000 0.009000 0.010000
0 0.504500 0.930000 0.021000 0.020000
0 0.408000 0.916000 0.010000 0.010000
0 0.240000 0.394500 0.010000 0.011000
0 0.259500 0.222500 0.011000 0.011000
0 0.292000 0.231000 0.010000 0.010000
0 0.404500 0.510500 0.011000 0.011000
0 0.155500 0.434500 0.011000 0.011000
