0 0.282000 0.184000 0.012000 0.012000
0 0.401000 0.254500 0.014000 0.013000
0 0.417500 0.315500 0.013000 0.013000
0 0.451000 0.462500 0.014000 0.013000
0 0.446000 0.492000 0.012000 0.012000
0 0.618000 0.511000 0.014000 0.014000
0 0.725500 0.552500 0.011000 0.011000
0 0.705500 0.368000 0.013000 0.014000
0 0.515000 0.826500 0.016000 0.015000
0 0.362500 0.814000 0.013000 0.014000
0 0.373000 0.707500 0.014000 0.015000
0 0.877500 0.354500 0.013000 0.013000
0 0.753500 0.840500 0.013000 0.013000
0 0.576000 0.179500 0.014000 0.013000
