0 0.857000 0.228500 0.014000 0.015000
0 0.766500 0.177500 0.013000 0.013000
0 0.681500 0.134500 0.015000 0.015000
0 0.479500 0.324500 0.015000 0.015000
0 0.440000 0.279000 0.014000 0.014000
0 0.356500 0.290000 0.015000 0.016000
0 0.378000 0.280000 0.014000 0.014000
0 0.393000 0.176500 0.014000 0.015000
0 0.392500 0.518000 0.015000 0.016000
0 0.453500 0.528000 0.015000 0.016000
0 0.624000 0.737500 0.014000 0.015000
0 0.782000 0.692500 0.014000 0.015000
0 0.722500 0.689000 0.015000 0.014000
0 0.892000 0.622000 0.014000 0.014000
