0 0.830500 0.471500 0.017000 0.019000
0 0.841000 0.484000 0.016000 0.016000
0 0.859500 0.486500 0.017000 0.019000
0 0.871500 0.540000 0.017000 0.016000
0 0.840000 0.511000 0.016000 0.016000
0 0.853000 0.514000 0.016000 0.016000
0 0.810000 0.498000 0.016000 0.016000
0 0.782000 0.503000 0.018000 0.018000
0 0.738000 0.529000 0.020000 0.020000
0 0.766000 0.485000 0.020000 0.020000
0 0.742500 0.483500 0.019000 0.019000
0 0.738000 0.450500 0.018000 0.017000
0 0.786000 0.434500 0.018000 0.017000
0 0.805500 0.413500 0.019000 0.021000
0 0.801000 0.378500 0.016000 0.017000
0 0.820500 0.378000 0.019000 0.018000
0 0.828500 0.391000 0.015000 0.016000
0 0.880000 0.390500 0.018000 0.017000
0 0.862000 0.407000 0.016000 0.018000
0 0.883000 0.416500 0.018000 0.019000
0 0.899000 0.345500 0.018000 0.019000
0 0.905000 0.373500 0.018000 0.019000
0 0.911000 0.393000 0.018000 0.018000
0 0.849500 0.415000 0.017000 0.016000
0 0.852000 0.429000 0.018000 0.016000
0 0.852000 0.442500 0.018000 0.017000
0 0.865500 0.578000 0.019000 0.018000
0 0.874000 0.572000 0.018000 0.020000
0 0.910000 0.653000 0.016000 0.018000
0 0.918000 0.651000 0.016000 0.018000
0 0.849000 0.625000 0.018000 0.018000
0 0.885000 0.693500 0.016000 0.017000
0 0.863000 0.698500 0.014000 0.015000
0 0.841000 0.746000 0.016000 0.016000
0 0.834000 0.785000 0.016000 0.016000
0 0.851500 0.788000 0.017000 0.016000
0 0.809000 0.677000 0.018000 0.018000
0 0.790000 0.685000 0.018000 0.018000
0 0.817500 0.633000 0.019000 0.018000
0 0.760000 0.662000 0.016000 0.016000
0 0.757000 0.674000 0.014000 0.014000
0 0.754000 0.685000 0.016000 0.016000
0 0.754000 0.722500 0.018000 0.019000
0 0.769000 0.763000 0.016000 0.016000
0 0.829000 0.727000 0.016000 0.016000
0 0.838000 0.719000 0.018000 0.018000
0 0.736000 0.756000 0.018000 0.018000
0 0.754000 0.769000 0.016000 0.016000
0 0.748000 0.778000 0.016000 0.016000
0 0.719500 0.805500 0.017000 0.017000
0 0.690500 0.824500 0.017000 0.017000
0 0.647000 0.845500 0.018000 0.019000
0 0.695500 0.900000 0.017000 0.018000
0 0.716500 0.897000 0.015000 0.014000
0 0.725500 0.860500 0.011000 0.011000
0 0.742500 0.862500 0.015000 0.017000
0 0.755000 0.861500 0.014000 0.015000
0 0.766000 0.859500 0.016000 0.017000
0 0.610500 0.929500 0.019000 0.019000
0 0.638000 0.929500 0.016000 0.017000
0 0.614500 0.837000 0.019000 0.018000
0 0.569500 0.841500 0.019000 0.019000
0 0.596000 0.799000 0.018000 0.018000
0 0.642000 0.778000 0.018000 0.018000
0 0.579500 0.858500 0.017000 0.019000
0 0.586000 0.858500 0.016000 0.017000
0 0.529000 0.860000 0.018000 0.018000
0 0.524000 0.879000 0.018000 0.018000
0 0.533000 0.922000 0.016000 0.016000
0 0.516000 0.937500 0.016000 0.019000
0 0.524000 0.935500 0.016000 0.017000
0 0.544000 0.783000 0.018000 0.018000
0 0.502000 0.771000 0.016000 0.014000
0 0.508000 0.729500 0.016000 0.017000
0 0.519000 0.745000 0.010000 0.012000
0 0.546000 0.745000 0.014000 0.016000
0 0.554000 0.753000 0.016000 0.016000
0 0.656000 0.751000 0.018000 0.016000
0 0.623000 0.647000 0.018000 0.016000
0 0.542000 0.668000 0.016000 0.016000
0 0.555500 0.680500 0.017000 0.017000
0 0.525000 0.694500 0.014000 0.015000
0 0.531000 0.701000 0.016000 0.018000
0 0.559000 0.708000 0.016000 0.016000
0 0.545000 0.716500 0.014000 0.015000
0 0.548000 0.722000 0.016000 0.016000
0 0.582000 0.723500 0.016000 0.015000
0 0.589500 0.737000 0.017000 0.016000
0 0.596000 0.748500 0.018000 0.017000
0 0.649000 0.704500 0.016000 0.017000
0 0.613500 0.735500 0.015000 0.015000
0 0.620000 0.729000 0.016000 0.016000
0 0.619000 0.749000 0.014000 0.014000
0 0.565500 0.630000 0.019000 0.018000
0 0.604500 0.675000 0.017000 0.016000
0 0.630000 0.687500 0.014000 0.015000
0 0.611500 0.686500 0.015000 0.015000
0 0.616500 0.695500 0.015000 0.015000
0 0.623500 0.703500 0.015000 0.015000
0 0.669000 0.728000 0.016000 0.016000
0 0.673000 0.708500 0.012000 0.013000
0 0.695000 0.709000 0.018000 0.018000
0 0.690500 0.690500 0.015000 0.017000
0 0.695000 0.675000 0.016000 0.014000
0 0.713000 0.657000 0.018000 0.018000
0 0.681000 0.664000 0.016000 0.016000
0 0.657000 0.625000 0.018000 0.016000
0 0.656000 0.600500 0.018000 0.017000
0 0.618000 0.609500 0.016000 0.015000
0 0.559500 0.591500 0.019000 0.019000
0 0.655000 0.678000 0.014000 0.014000
0 0.662000 0.670000 0.016000 0.016000
0 0.664000 0.663000 0.014000 0.014000
0 0.711000 0.604500 0.016000 0.017000
0 0.704000 0.633000 0.016000 0.016000
0 0.692500 0.636000 0.017000 0.016000
0 0.693500 0.644000 0.015000 0.014000
0 0.711000 0.583500 0.016000 0.017000
0 0.708500 0.568500 0.011000 0.011000
0 0.685500 0.550000 0.017000 0.018000
0 0.674000 0.572500 0.016000 0.017000
0 0.681000 0.572000 0.016000 0.016000
0 0.619000 0.541000 0.020000 0.020000
0 0.725500 0.574500 0.017000 0.017000
0 0.732000 0.577500 0.016000 0.017000
0 0.729500 0.583500 0.015000 0.015000
0 0.682000 0.467000 0.018000 0.018000
0 0.701000 0.464500 0.018000 0.019000
0 0.669000 0.414000 0.018000 0.022000
0 0.738000 0.420500 0.016000 0.017000
0 0.715500 0.423500 0.017000 0.017000
0 0.723500 0.433500 0.017000 0.017000
0 0.718000 0.398000 0.018000 0.018000
0 0.702500 0.391000 0.017000 0.018000
0 0.689500 0.367500 0.019000 0.019000
0 0.697000 0.337000 0.020000 0.020000
0 0.641000 0.343000 0.016000 0.018000
0 0.614500 0.316000 0.019000 0.020000
0 0.609500 0.339000 0.019000 0.018000
0 0.614500 0.353500 0.019000 0.017000
0 0.605000 0.394000 0.020000 0.020000
0 0.607500 0.449000 0.019000 0.020000
0 0.543000 0.397500 0.018000 0.019000
0 0.522000 0.351500 0.020000 0.023000
0 0.573500 0.347500 0.019000 0.021000
0 0.578000 0.482500 0.018000 0.017000
0 0.588500 0.443500 0.015000 0.015000
0 0.565500 0.462000 0.017000 0.016000
0 0.551000 0.463500 0.014000 0.015000
0 0.544000 0.473000 0.016000 0.020000
0 0.533000 0.468000 0.016000 0.018000
0 0.520000 0.475500 0.016000 0.021000
0 0.478000 0.534000 0.016000 0.016000
0 0.518000 0.523000 0.016000 0.016000
0 0.530000 0.531000 0.016000 0.016000
0 0.526000 0.545000 0.018000 0.016000
0 0.524000 0.590500 0.016000 0.017000
0 0.535000 0.607500 0.016000 0.017000
0 0.526000 0.625000 0.018000 0.016000
0 0.463000 0.604000 0.016000 0.016000
0 0.480000 0.621500 0.018000 0.019000
0 0.498500 0.623500 0.017000 0.017000
0 0.505000 0.632000 0.018000 0.018000
0 0.833000 0.577000 0.016000 0.016000
0 0.811500 0.593500 0.015000 0.015000
0 0.795000 0.582500 0.016000 0.017000
0 0.810000 0.554000 0.018000 0.016000
0 0.812500 0.567500 0.019000 0.017000
0 0.955500 0.469000 0.017000 0.018000
0 0.952500 0.500000 0.015000 0.016000
0 0.962500 0.500000 0.017000 0.018000
0 0.953500 0.385500 0.015000 0.017000
0 0.920000 0.301000 0.014000 0.016000
0 0.876000 0.295500 0.020000 0.019000
0 0.802500 0.290000 0.017000 0.018000
0 0.810000 0.294000 0.016000 0.016000
0 0.813500 0.309500 0.017000 0.015000
0 0.821000 0.323000 0.018000 0.018000
0 0.785000 0.319000 0.018000 0.018000
0 0.781000 0.335500 0.018000 0.019000
0 0.719000 0.291000 0.020000 0.020000
0 0.751000 0.296000 0.016000 0.018000
0 0.739500 0.304500 0.017000 0.017000
0 0.746500 0.314000 0.019000 0.018000
0 0.673000 0.224500 0.020000 0.021000
0 0.656000 0.196500 0.022000 0.021000
0 0.625000 0.221500 0.020000 0.021000
0 0.636000 0.260500 0.020000 0.021000
0 0.611000 0.244000 0.016000 0.016000
0 0.594000 0.258000 0.020000 0.020000
0 0.569500 0.260500 0.019000 0.019000
0 0.662000 0.148500 0.020000 0.023000
0 0.671000 0.110000 0.020000 0.020000
0 0.636000 0.129000 0.022000 0.020000
0 0.751000 0.175500 0.020000 0.023000
0 0.871000 0.226000 0.018000 0.018000
0 0.820500 0.225500 0.017000 0.017000
0 0.793000 0.140000 0.018000 0.020000
0 0.798000 0.209000 0.018000 0.020000
0 0.792000 0.222000 0.018000 0.020000
0 0.383500 0.935000 0.015000 0.016000
0 0.402500 0.895000 0.017000 0.018000
0 0.424000 0.907000 0.018000 0.018000
0 0.449500 0.902000 0.019000 0.020000
0 0.441000 0.861000 0.018000 0.018000
0 0.415500 0.833000 0.017000 0.018000
0 0.426500 0.844000 0.013000 0.014000
0 0.474500 0.760000 0.019000 0.018000
0 0.456500 0.728000 0.019000 0.018000
0 0.354000 0.731500 0.018000 0.019000
0 0.393000 0.739000 0.018000 0.018000
0 0.392500 0.758000 0.019000 0.018000
0 0.392500 0.790000 0.019000 0.016000
0 0.342000 0.773000 0.018000 0.018000
0 0.346500 0.780000 0.017000 0.016000
0 0.456000 0.704500 0.020000 0.019000
0 0.449500 0.659000 0.019000 0.018000
0 0.328500 0.614500 0.021000 0.021000
0 0.376500 0.614500 0.017000 0.019000
0 0.403000 0.602000 0.014000 0.014000
0 0.402500 0.617000 0.019000 0.020000
0 0.438500 0.595500 0.017000 0.017000
0 0.374500 0.634000 0.017000 0.018000
0 0.383500 0.640000 0.017000 0.018000
0 0.312500 0.891000 0.019000 0.018000
0 0.255500 0.857500 0.019000 0.019000
0 0.225000 0.843000 0.018000 0.018000
0 0.274500 0.828000 0.017000 0.018000
0 0.303500 0.856500 0.017000 0.017000
0 0.337000 0.847500 0.016000 0.017000
0 0.315000 0.839500 0.016000 0.017000
0 0.362000 0.858500 0.016000 0.017000
0 0.369500 0.860500 0.017000 0.017000
0 0.289500 0.802000 0.015000 0.014000
0 0.296000 0.797000 0.016000 0.016000
0 0.307500 0.814500 0.015000 0.015000
0 0.320500 0.821000 0.015000 0.016000
0 0.236500 0.769000 0.017000 0.014000
0 0.252500 0.763000 0.017000 0.016000
0 0.255500 0.773000 0.017000 0.016000
0 0.346000 0.805000 0.018000 0.016000
0 0.358000 0.804000 0.016000 0.016000
0 0.357000 0.814500 0.018000 0.017000
0 0.172000 0.732000 0.018000 0.018000
0 0.148000 0.732500 0.014000 0.015000
0 0.134500 0.710500 0.017000 0.017000
0 0.110000 0.719500 0.016000 0.017000
0 0.114000 0.722000 0.016000 0.016000
0 0.245000 0.648000 0.022000 0.020000
0 0.153500 0.601500 0.019000 0.019000
0 0.182500 0.614500 0.019000 0.019000
0 0.186000 0.611000 0.020000 0.020000
0 0.114500 0.615000 0.017000 0.018000
0 0.151500 0.562500 0.019000 0.021000
0 0.095000 0.578000 0.018000 0.018000
0 0.092000 0.643000 0.016000 0.014000
0 0.094000 0.653000 0.016000 0.016000
0 0.122500 0.669000 0.017000 0.016000
0 0.139500 0.676000 0.017000 0.016000
0 0.179000 0.700000 0.018000 0.018000
0 0.170500 0.696500 0.015000 0.015000
0 0.155500 0.681500 0.015000 0.015000
0 0.145500 0.689500 0.013000 0.013000
0 0.158000 0.690500 0.012000 0.013000
0 0.090000 0.514000 0.018000 0.016000
0 0.225000 0.505000 0.018000 0.018000
0 0.228500 0.528000 0.013000 0.014000
0 0.147000 0.475500 0.018000 0.019000
0 0.169000 0.473000 0.016000 0.018000
0 0.188000 0.454500 0.016000 0.017000
0 0.210000 0.442500 0.018000 0.017000
0 0.227500 0.467000 0.019000 0.020000
0 0.167500 0.427500 0.017000 0.017000
0 0.187000 0.429500 0.016000 0.017000
0 0.170000 0.381000 0.016000 0.016000
0 0.169000 0.388000 0.016000 0.016000
0 0.200000 0.392000 0.016000 0.016000
0 0.223000 0.398500 0.018000 0.019000
0 0.249500 0.359000 0.017000 0.018000
0 0.183000 0.334500 0.016000 0.017000
0 0.227500 0.305500 0.019000 0.019000
0 0.097500 0.355000 0.013000 0.014000
0 0.221500 0.271500 0.017000 0.017000
0 0.182000 0.309500 0.012000 0.013000
0 0.143500 0.356500 0.017000 0.017000
0 0.132000 0.370500 0.016000 0.017000
0 0.106500 0.436000 0.015000 0.016000
0 0.105500 0.395500 0.015000 0.017000
0 0.097500 0.391500 0.015000 0.015000
0 0.099000 0.414500 0.016000 0.017000
0 0.082500 0.454500 0.015000 0.015000
0 0.079500 0.493000 0.015000 0.016000
0 0.065000 0.491500 0.016000 0.017000
0 0.062000 0.420000 0.016000 0.016000
0 0.047500 0.402000 0.015000 0.016000
0 0.059000 0.525000 0.016000 0.016000
0 0.064500 0.544000 0.015000 0.016000
0 0.056000 0.560000 0.012000 0.012000
0 0.061000 0.593500 0.016000 0.017000
0 0.115500 0.630000 0.015000 0.014000
0 0.114500 0.639000 0.015000 0.014000
0 0.293500 0.563500 0.017000 0.019000
0 0.407500 0.515000 0.021000 0.020000
0 0.349000 0.536000 0.018000 0.016000
0 0.357500 0.513000 0.019000 0.018000
0 0.349500 0.498000 0.019000 0.020000
0 0.296000 0.514000 0.018000 0.018000
0 0.270000 0.504000 0.018000 0.020000
0 0.273000 0.467000 0.018000 0.018000
0 0.251000 0.470500 0.018000 0.019000
0 0.259500 0.451000 0.017000 0.016000
0 0.275500 0.413500 0.021000 0.021000
0 0.336000 0.450000 0.020000 0.020000
0 0.328500 0.430000 0.019000 0.018000
0 0.375000 0.372000 0.020000 0.020000
0 0.414500 0.404000 0.023000 0.022000
0 0.316000 0.367500 0.018000 0.019000
0 0.387000 0.292000 0.018000 0.018000
0 0.398500 0.285500 0.019000 0.021000
0 0.297500 0.272000 0.019000 0.020000
0 0.329500 0.264000 0.019000 0.020000
0 0.347500 0.264500 0.021000 0.021000
0 0.430000 0.262000 0.020000 0.020000
0 0.443000 0.297500 0.018000 0.019000
0 0.474000 0.312500 0.022000 0.021000
0 0.525000 0.276500 0.020000 0.021000
0 0.497500 0.247500 0.019000 0.019000
0 0.469000 0.257500 0.020000 0.019000
0 0.449000 0.439500 0.018000 0.019000
0 0.589500 0.128000 0.021000 0.020000
0 0.565500 0.132500 0.021000 0.021000
0 0.587500 0.074000 0.027000 0.024000
0 0.584000 0.162500 0.020000 0.021000
0 0.484000 0.108000 0.018000 0.018000
0 0.492000 0.113500 0.018000 0.019000
0 0.475500 0.134500 0.019000 0.019000
0 0.470000 0.148000 0.020000 0.020000
0 0.436000 0.203000 0.018000 0.020000
0 0.429500 0.179500 0.021000 0.023000
0 0.361000 0.186000 0.020000 0.020000
0 0.386500 0.089500 0.019000 0.019000
0 0.400000 0.073000 0.016000 0.016000
0 0.454000 0.056500 0.018000 0.019000
0 0.269500 0.098000 0.015000 0.014000
0 0.243500 0.109000 0.017000 0.016000
0 0.277500 0.138500 0.017000 0.017000
0 0.320500 0.180000 0.017000 0.020000
0 0.339500 0.176000 0.017000 0.018000
0 0.284500 0.207000 0.019000 0.020000
0 0.243500 0.158500 0.019000 0.019000
0 0.225500 0.170500 0.015000 0.015000
0 0.224000 0.146500 0.014000 0.015000
0 0.305500 0.112000 0.017000 0.018000
0 0.298500 0.123000 0.017000 0.016000
0 0.300000 0.129000 0.016000 0.016000
0 0.197000 0.178500 0.016000 0.017000
0 0.201500 0.245000 0.017000 0.018000
0 0.154500 0.226000 0.015000 0.016000
0 0.150000 0.257000 0.016000 0.016000
0 0.153500 0.272500 0.017000 0.017000
0 0.138500 0.279500 0.011000 0.011000
0 0.148000 0.289500 0.018000 0.017000
0 0.113000 0.253500 0.014000 0.015000
0 0.102000 0.254500 0.016000 0.017000
0 0.115500 0.286000 0.015000 0.016000
0 0.120500 0.330000 0.017000 0.016000
0 0.113500 0.334500 0.013000 0.013000
0 0.102500 0.313000 0.015000 0.016000
0 0.087000 0.318500 0.016000 0.015000
0 0.073000 0.327000 0.014000 0.016000
0 0.087500 0.338000 0.015000 0.014000
0 0.383000 0.838500 0.016000 0.017000
0 0.396000 0.840000 0.016000 0.018000
0 0.159500 0.801000 0.019000 0.020000
