0 0.904000 0.488500 0.016000 0.017000
0 0.888000 0.555500 0.018000 0.019000
0 0.935500 0.661000 0.019000 0.018000
0 0.922000 0.593000 0.016000 0.018000
0 0.906000 0.572500 0.016000 0.017000
0 0.911000 0.575500 0.016000 0.017000
0 0.913000 0.580000 0.016000 0.018000
0 0.852500 0.634000 0.017000 0.016000
0 0.852000 0.652000 0.018000 0.016000
0 0.848000 0.684000 0.016000 0.016000
0 0.854000 0.751000 0.016000 0.016000
0 0.789000 0.732500 0.020000 0.019000
0 0.822000 0.777000 0.018000 0.018000
0 0.855000 0.710000 0.016000 0.016000
0 0.864500 0.697000 0.017000 0.018000
0 0.745500 0.742000 0.017000 0.018000
0 0.706500 0.717500 0.017000 0.017000
0 0.686000 0.736000 0.018000 0.018000
0 0.689500 0.795000 0.019000 0.018000
0 0.767000 0.868000 0.020000 0.020000
0 0.672000 0.821000 0.018000 0.018000
0 0.669000 0.832500 0.014000 0.015000
0 0.695500 0.692500 0.017000 0.017000
0 0.702000 0.687500 0.018000 0.017000
0 0.635000 0.649000 0.016000 0.016000
0 0.621000 0.736500 0.018000 0.017000
0 0.621000 0.753000 0.016000 0.016000
0 0.589500 0.770000 0.015000 0.016000
0 0.630000 0.838500 0.018000 0.019000
0 0.612000 0.845500 0.018000 0.019000
0 0.601000 0.868500 0.016000 0.017000
0 0.604000 0.906000 0.018000 0.016000
0 0.604000 0.918000 0.018000 0.016000
0 0.610000 0.933000 0.020000 0.018000
0 0.520000 0.930500 0.020000 0.019000
0 0.494000 0.931000 0.020000 0.020000
0 0.551500 0.863000 0.021000 0.020000
0 0.398500 0.943500 0.021000 0.019000
0 0.502500 0.845500 0.017000 0.017000
0 0.494000 0.857500 0.016000 0.017000
0 0.470500 0.839000 0.017000 0.016000
0 0.464000 0.868500 0.018000 0.017000
0 0.449500 0.868500 0.015000 0.015000
0 0.449000 0.852000 0.018000 0.016000
0 0.449500 0.837500 0.017000 0.017000
0 0.495500 0.797000 0.017000 0.018000
0 0.484000 0.791000 0.012000 0.012000
0 0.524000 0.773000 0.018000 0.018000
0 0.552500 0.768000 0.019000 0.016000
0 0.554500 0.784000 0.017000 0.016000
0 0.418000 0.803000 0.018000 0.018000
0 0.466500 0.789000 0.017000 0.016000
0 0.468500 0.778000 0.015000 0.016000
0 0.450000 0.775000 0.018000 0.018000
0 0.436500 0.768000 0.017000 0.016000
0 0.887000 0.301500 0.018000 0.017000
0 0.883000 0.318500 0.018000 0.017000
0 0.894000 0.333500 0.016000 0.017000
0 0.858000 0.320500 0.018000 0.017000
0 0.838000 0.387500 0.020000 0.019000
0 0.886000 0.708500 0.016000 0.017000
0 0.893000 0.717000 0.018000 0.018000
0 0.949000 0.386000 0.016000 0.018000
0 0.925500 0.405500 0.017000 0.017000
0 0.941000 0.418000 0.016000 0.016000
0 0.846000 0.436500 0.018000 0.019000
0 0.798000 0.482500 0.018000 0.019000
0 0.789000 0.462000 0.018000 0.018000
0 0.840500 0.550000 0.017000 0.018000
0 0.793500 0.555000 0.017000 0.018000
0 0.804000 0.605500 0.020000 0.019000
0 0.784500 0.591500 0.017000 0.017000
0 0.782000 0.631000 0.020000 0.020000
0 0.582000 0.830500 0.016000 0.017000
0 0.532500 0.700000 0.019000 0.020000
0 0.505500 0.688000 0.017000 0.018000
0 0.487500 0.688500 0.017000 0.019000
0 0.499000 0.620500 0.016000 0.017000
0 0.519500 0.553500 0.017000 0.017000
0 0.566000 0.544000 0.016000 0.016000
0 0.579000 0.570000 0.014000 0.014000
0 0.567500 0.586500 0.015000 0.015000
0 0.477500 0.581500 0.015000 0.015000
0 0.518500 0.581500 0.017000 0.017000
0 0.530000 0.592500 0.016000 0.015000
0 0.546000 0.600500 0.016000 0.015000
0 0.450500 0.590500 0.017000 0.017000
0 0.461000 0.610000 0.014000 0.014000
0 0.454500 0.620500 0.017000 0.017000
0 0.392500 0.590000 0.017000 0.018000
0 0.400000 0.590500 0.016000 0.017000
0 0.430000 0.626000 0.016000 0.016000
0 0.387500 0.700500 0.019000 0.019000
0 0.322500 0.728500 0.017000 0.017000
0 0.338500 0.631000 0.019000 0.018000
0 0.347000 0.608000 0.016000 0.016000
0 0.325500 0.590500 0.019000 0.019000
0 0.302500 0.608000 0.017000 0.018000
0 0.298500 0.653500 0.017000 0.019000
0 0.331500 0.486500 0.017000 0.017000
0 0.351000 0.469500 0.012000 0.013000
0 0.383000 0.439000 0.016000 0.016000
0 0.466500 0.465500 0.017000 0.017000
0 0.429000 0.529000 0.014000 0.014000
0 0.427500 0.537500 0.015000 0.015000
0 0.281500 0.609000 0.019000 0.020000
0 0.243500 0.670500 0.017000 0.017000
0 0.279000 0.738500 0.018000 0.019000
0 0.287000 0.771500 0.018000 0.019000
0 0.243500 0.783000 0.017000 0.018000
0 0.216000 0.778500 0.018000 0.019000
0 0.181500 0.798500 0.019000 0.019000
0 0.195000 0.781000 0.016000 0.016000
0 0.325000 0.830000 0.022000 0.022000
0 0.239000 0.723500 0.016000 0.015000
0 0.242500 0.721500 0.017000 0.017000
0 0.239000 0.736000 0.016000 0.016000
0 0.203500 0.703000 0.017000 0.016000
0 0.194000 0.739500 0.016000 0.017000
0 0.208000 0.741500 0.014000 0.015000
0 0.209000 0.753000 0.016000 0.016000
0 0.200000 0.761000 0.016000 0.016000
0 0.132500 0.663000 0.017000 0.018000
0 0.163500 0.646000 0.019000 0.018000
0 0.159000 0.727000 0.018000 0.018000
0 0.206000 0.652500 0.016000 0.015000
0 0.206500 0.665500 0.015000 0.015000
0 0.203500 0.679000 0.015000 0.016000
0 0.192000 0.661000 0.014000 0.014000
0 0.190000 0.668000 0.014000 0.014000
0 0.192500 0.678500 0.015000 0.015000
0 0.184000 0.597000 0.018000 0.018000
0 0.219000 0.586500 0.016000 0.017000
0 0.234500 0.592000 0.017000 0.018000
0 0.249000 0.559500 0.016000 0.017000
0 0.227500 0.564500 0.019000 0.019000
0 0.145000 0.499000 0.018000 0.018000
0 0.121000 0.505500 0.016000 0.017000
0 0.152000 0.472500 0.018000 0.017000
0 0.192500 0.501500 0.017000 0.017000
0 0.257000 0.519000 0.016000 0.016000
0 0.231000 0.508000 0.014000 0.014000
0 0.243500 0.490000 0.015000 0.016000
0 0.277000 0.503500 0.016000 0.017000
0 0.260500 0.495500 0.015000 0.017000
0 0.267000 0.475000 0.012000 0.012000
0 0.263000 0.439000 0.016000 0.016000
0 0.279000 0.440000 0.016000 0.016000
0 0.299500 0.437500 0.015000 0.015000
0 0.269500 0.459500 0.015000 0.015000
0 0.261500 0.456500 0.015000 0.015000
0 0.334500 0.447000 0.015000 0.016000
0 0.342000 0.412000 0.016000 0.016000
0 0.153500 0.442000 0.017000 0.018000
0 0.169500 0.406000 0.017000 0.018000
0 0.197000 0.482500 0.014000 0.015000
0 0.229500 0.470000 0.015000 0.016000
0 0.206500 0.464000 0.013000 0.014000
0 0.216500 0.458000 0.015000 0.016000
0 0.219500 0.392500 0.019000 0.019000
0 0.243500 0.375000 0.019000 0.018000
0 0.266500 0.364500 0.017000 0.017000
0 0.289000 0.391500 0.018000 0.017000
0 0.303500 0.401000 0.015000 0.016000
0 0.317000 0.398500 0.016000 0.017000
0 0.319500 0.321000 0.015000 0.016000
0 0.331500 0.348500 0.015000 0.017000
0 0.279500 0.315500 0.019000 0.019000
0 0.187000 0.282000 0.016000 0.016000
0 0.188500 0.333500 0.015000 0.015000
0 0.178500 0.351000 0.019000 0.018000
0 0.138000 0.389000 0.018000 0.018000
0 0.114000 0.397500 0.018000 0.019000
0 0.117000 0.336500 0.018000 0.017000
0 0.117500 0.344000 0.017000 0.018000
0 0.069500 0.463000 0.017000 0.018000
0 0.096000 0.442000 0.014000 0.016000
0 0.103500 0.442000 0.015000 0.016000
0 0.100500 0.544000 0.017000 0.018000
0 0.089500 0.543500 0.017000 0.017000
0 0.095000 0.498500 0.016000 0.017000
0 0.080500 0.492500 0.015000 0.015000
0 0.079500 0.502000 0.017000 0.016000
0 0.331500 0.512500 0.017000 0.017000
0 0.343500 0.525500 0.017000 0.017000
0 0.365000 0.525000 0.016000 0.016000
0 0.364500 0.542500 0.017000 0.017000
0 0.381500 0.501500 0.017000 0.017000
0 0.395500 0.494500 0.015000 0.015000
0 0.417500 0.496000 0.015000 0.016000
0 0.394000 0.511000 0.014000 0.014000
0 0.387500 0.518000 0.015000 0.014000
0 0.478000 0.486000 0.014000 0.014000
0 0.475000 0.505000 0.016000 0.016000
0 0.494500 0.511000 0.015000 0.016000
0 0.497000 0.529500 0.014000 0.015000
0 0.453000 0.506000 0.014000 0.014000
0 0.451500 0.515500 0.015000 0.015000
0 0.530500 0.522500 0.015000 0.015000
0 0.540000 0.495000 0.016000 0.016000
0 0.614500 0.629000 0.017000 0.016000
0 0.645500 0.622000 0.017000 0.018000
0 0.605500 0.608500 0.015000 0.015000
0 0.576000 0.605000 0.012000 0.012000
0 0.583500 0.614000 0.015000 0.016000
0 0.704500 0.603500 0.017000 0.017000
0 0.741500 0.615000 0.015000 0.016000
0 0.742000 0.633500 0.018000 0.019000
0 0.688500 0.614500 0.015000 0.015000
0 0.676500 0.594000 0.015000 0.016000
0 0.672000 0.574500 0.016000 0.017000
0 0.659000 0.585000 0.014000 0.014000
0 0.667000 0.516000 0.016000 0.016000
0 0.662500 0.540500 0.017000 0.017000
0 0.680500 0.542500 0.013000 0.013000
0 0.642500 0.567500 0.015000 0.015000
0 0.633000 0.577500 0.010000 0.009000
0 0.622500 0.572500 0.013000 0.013000
0 0.601000 0.577000 0.014000 0.014000
0 0.596000 0.589000 0.012000 0.012000
0 0.614500 0.587500 0.013000 0.013000
0 0.635000 0.595000 0.014000 0.014000
0 0.631000 0.595000 0.014000 0.014000
0 0.629500 0.603500 0.009000 0.009000
0 0.743500 0.460500 0.017000 0.017000
0 0.731000 0.532500 0.014000 0.015000
0 0.742000 0.533000 0.014000 0.014000
0 0.741000 0.544500 0.016000 0.015000
0 0.625000 0.511000 0.014000 0.014000
0 0.614000 0.469500 0.016000 0.017000
0 0.673000 0.476000 0.016000 0.016000
0 0.685000 0.467500 0.014000 0.015000
0 0.690500 0.462500 0.017000 0.017000
0 0.603000 0.515500 0.014000 0.015000
0 0.594500 0.528500 0.015000 0.015000
0 0.578000 0.508000 0.014000 0.014000
0 0.568500 0.520000 0.015000 0.016000
0 0.568500 0.474000 0.017000 0.018000
0 0.549500 0.448500 0.017000 0.017000
0 0.573000 0.440000 0.016000 0.016000
0 0.558000 0.398000 0.016000 0.016000
0 0.546000 0.422500 0.014000 0.013000
0 0.587500 0.399000 0.015000 0.016000
0 0.609000 0.397500 0.016000 0.015000
0 0.632000 0.371000 0.016000 0.016000
0 0.654500 0.400500 0.017000 0.017000
0 0.588500 0.352500 0.017000 0.017000
0 0.616500 0.336500 0.017000 0.017000
0 0.570500 0.302000 0.017000 0.016000
0 0.537500 0.372500 0.015000 0.015000
0 0.546500 0.359500 0.015000 0.015000
0 0.500000 0.383500 0.016000 0.017000
0 0.490500 0.387000 0.015000 0.016000
0 0.498500 0.352500 0.015000 0.015000
0 0.488500 0.338500 0.017000 0.017000
0 0.534500 0.352000 0.015000 0.016000
0 0.539000 0.347000 0.016000 0.016000
0 0.537500 0.287000 0.017000 0.018000
0 0.547000 0.276000 0.016000 0.016000
0 0.540500 0.230500 0.011000 0.011000
0 0.526000 0.224500 0.018000 0.019000
0 0.566000 0.182000 0.018000 0.018000
0 0.523000 0.175500 0.014000 0.015000
0 0.481000 0.167000 0.020000 0.020000
0 0.454000 0.209000 0.014000 0.014000
0 0.444000 0.259000 0.016000 0.016000
0 0.488500 0.298500 0.013000 0.013000
0 0.465500 0.290500 0.015000 0.015000
0 0.447500 0.283000 0.015000 0.016000
0 0.424000 0.297500 0.014000 0.015000
0 0.445500 0.310000 0.015000 0.016000
0 0.453500 0.321500 0.015000 0.015000
0 0.440500 0.358500 0.015000 0.015000
0 0.228500 0.136500 0.015000 0.015000
0 0.216000 0.141000 0.016000 0.016000
0 0.282500 0.145000 0.017000 0.018000
0 0.249500 0.161000 0.015000 0.016000
0 0.230000 0.163000 0.016000 0.016000
0 0.189500 0.205000 0.019000 0.020000
0 0.314500 0.166500 0.017000 0.019000
0 0.278000 0.197000 0.016000 0.016000
0 0.282500 0.194500 0.017000 0.017000
0 0.335500 0.176500 0.017000 0.017000
0 0.344500 0.165000 0.017000 0.018000
0 0.403500 0.158000 0.019000 0.020000
0 0.438000 0.162000 0.016000 0.016000
0 0.378500 0.184500 0.017000 0.017000
0 0.395000 0.201000 0.016000 0.016000
0 0.390500 0.109000 0.017000 0.018000
0 0.417000 0.103500 0.016000 0.017000
0 0.427000 0.102000 0.018000 0.018000
0 0.352000 0.226500 0.016000 0.017000
0 0.364000 0.223000 0.014000 0.016000
0 0.373500 0.223000 0.013000 0.014000
0 0.392000 0.231500 0.014000 0.015000
0 0.406000 0.238500 0.016000 0.017000
0 0.418500 0.246000 0.013000 0.016000
0 0.426500 0.246500 0.011000 0.013000
0 0.318000 0.260000 0.014000 0.014000
0 0.333000 0.267000 0.016000 0.016000
0 0.351000 0.263500 0.016000 0.017000
0 0.358000 0.279000 0.016000 0.016000
0 0.356000 0.311500 0.014000 0.015000
0 0.368000 0.306500 0.014000 0.015000
0 0.377500 0.323500 0.015000 0.015000
0 0.390000 0.315500 0.014000 0.015000
0 0.365000 0.352500 0.016000 0.017000
0 0.346000 0.345500 0.016000 0.017000
0 0.398500 0.370500 0.015000 0.015000
0 0.374000 0.381000 0.014000 0.014000
0 0.398500 0.382500 0.011000 0.011000
0 0.389500 0.395500 0.013000 0.013000
0 0.410000 0.426000 0.016000 0.016000
0 0.454000 0.419500 0.014000 0.015000
0 0.471500 0.410000 0.015000 0.016000
0 0.442000 0.407500 0.014000 0.015000
0 0.431500 0.408000 0.013000 0.014000
0 0.426000 0.386000 0.014000 0.014000
0 0.414500 0.390500 0.013000 0.013000
0 0.403000 0.332500 0.014000 0.015000
0 0.408000 0.313000 0.014000 0.014000
0 0.415000 0.315000 0.014000 0.014000
0 0.160500 0.225500 0.017000 0.017000
0 0.142000 0.239500 0.016000 0.017000
0 0.120000 0.236500 0.018000 0.019000
0 0.487000 0.271000 0.016000 0.016000
0 0.482500 0.231500 0.017000 0.017000
0 0.482000 0.243000 0.016000 0.016000
0 0.476500 0.256000 0.015000 0.016000
0 0.483000 0.254000 0.016000 0.016000
0 0.661000 0.106000 0.018000 0.018000
0 0.667500 0.136500 0.019000 0.019000
0 0.598500 0.158000 0.019000 0.020000
0 0.603000 0.208500 0.018000 0.019000
0 0.635500 0.193500 0.013000 0.013000
0 0.635000 0.233000 0.016000 0.016000
0 0.617000 0.258500 0.012000 0.011000
0 0.677000 0.251000 0.018000 0.018000
0 0.696500 0.259500 0.017000 0.017000
0 0.681000 0.280500 0.016000 0.017000
0 0.635500 0.263500 0.015000 0.015000
0 0.646000 0.260500 0.016000 0.017000
0 0.652000 0.281000 0.016000 0.016000
0 0.648000 0.302500 0.016000 0.017000
0 0.638500 0.321000 0.015000 0.016000
0 0.644500 0.319000 0.015000 0.016000
0 0.676000 0.342000 0.014000 0.014000
0 0.692500 0.330500 0.015000 0.015000
0 0.691000 0.358000 0.016000 0.016000
0 0.684000 0.385000 0.016000 0.016000
0 0.820500 0.303500 0.017000 0.017000
0 0.782500 0.318500 0.017000 0.017000
0 0.778500 0.432500 0.015000 0.015000
0 0.721000 0.411000 0.018000 0.018000
0 0.775000 0.386500 0.016000 0.017000
0 0.784500 0.388000 0.017000 0.018000
0 0.745000 0.346000 0.016000 0.016000
0 0.760000 0.286000 0.016000 0.016000
0 0.744500 0.311500 0.015000 0.015000
0 0.733500 0.315500 0.015000 0.015000
0 0.737000 0.328500 0.016000 0.015000
0 0.729500 0.339500 0.015000 0.015000
0 0.693500 0.304000 0.015000 0.016000
0 0.707500 0.297500 0.013000 0.013000
0 0.714000 0.357500 0.012000 0.013000
0 0.720500 0.373500 0.015000 0.015000
0 0.724500 0.200500 0.019000 0.019000
0 0.771000 0.212500 0.018000 0.019000
0 0.781000 0.228000 0.016000 0.016000
0 0.784000 0.235000 0.016000 0.016000
0 0.820000 0.204500 0.018000 0.019000
0 0.791500 0.263500 0.019000 0.019000
0 0.747000 0.263000 0.012000 0.012000
0 0.734000 0.238500 0.014000 0.015000
0 0.243500 0.327500 0.017000 0.017000
0 0.227500 0.318000 0.015000 0.016000
0 0.236000 0.323000 0.016000 0.016000
0 0.210000 0.306000 0.016000 0.016000
0 0.211000 0.312500 0.016000 0.017000
0 0.370500 0.403000 0.011000 0.012000
0 0.386500 0.413500 0.013000 0.013000
0 0.376000 0.416000 0.014000 0.014000
0 0.618500 0.421500 0.015000 0.015000
0 0.628000 0.408000 0.016000 0.016000
0 0.602000 0.742500 0.014000 0.015000
0 0.603500 0.749500 0.015000 0.015000
0 0.284000 0.900000 0.018000 0.018000
0 0.345500 0.912500 0.019000 0.019000
0 0.355500 0.927500 0.011000 0.011000
0 0.358500 0.940500 0.017000 0.017000
0 0.523500 0.076500 0.015000 0.017000
0 0.589500 0.072000 0.017000 0.018000
0 0.512500 0.112000 0.017000 0.018000
0 0.504000 0.128500 0.016000 0.017000
0 0.521500 0.130500 0.015000 0.015000
0 0.536000 0.101000 0.018000 0.016000
0 0.552000 0.128500 0.016000 0.017000
0 0.535500 0.124500 0.017000 0.017000
0 0.538000 0.117000 0.016000 0.016000
0 0.715000 0.915500 0.020000 0.021000
0 0.739500 0.902500 0.019000 0.019000
0 0.969000 0.462500 0.020000 0.021000
