0 0.974000 0.474000 0.018000 0.018000
0 0.917000 0.486000 0.018000 0.018000
0 0.956500 0.493500 0.019000 0.019000
0 0.895000 0.485500 0.018000 0.019000
0 0.916500 0.581500 0.019000 0.019000
0 0.851000 0.586000 0.018000 0.018000
0 0.853000 0.520000 0.018000 0.018000
0 0.880500 0.527500 0.017000 0.017000
0 0.891000 0.526500 0.018000 0.019000
0 0.885500 0.535500 0.017000 0.017000
0 0.859000 0.618500 0.018000 0.017000
0 0.903000 0.655000 0.018000 0.018000
0 0.880500 0.652500 0.019000 0.019000
0 0.834000 0.652000 0.016000 0.016000
0 0.815000 0.640000 0.016000 0.016000
0 0.844000 0.637000 0.016000 0.016000
0 0.853500 0.640500 0.017000 0.017000
0 0.788500 0.721500 0.015000 0.015000
0 0.788500 0.728000 0.019000 0.018000
0 0.832500 0.785500 0.015000 0.015000
0 0.802000 0.795000 0.014000 0.014000
0 0.761500 0.798500 0.017000 0.017000
0 0.758500 0.827500 0.015000 0.015000
0 0.771000 0.855500 0.016000 0.017000
0 0.754000 0.849500 0.016000 0.017000
0 0.727000 0.805000 0.018000 0.018000
0 0.708500 0.823000 0.015000 0.016000
0 0.714000 0.844500 0.018000 0.017000
0 0.692000 0.848000 0.016000 0.016000
0 0.695000 0.851500 0.016000 0.017000
0 0.810000 0.816500 0.016000 0.017000
0 0.810000 0.826000 0.016000 0.016000
0 0.823000 0.839500 0.016000 0.017000
0 0.841500 0.824000 0.015000 0.016000
0 0.845500 0.820000 0.015000 0.016000
0 0.866000 0.747000 0.020000 0.020000
0 0.798000 0.679500 0.018000 0.019000
0 0.766000 0.651000 0.016000 0.016000
0 0.761500 0.663500 0.013000 0.013000
0 0.793500 0.662000 0.017000 0.018000
0 0.766000 0.687000 0.018000 0.018000
0 0.756000 0.691000 0.016000 0.016000
0 0.750000 0.686500 0.016000 0.017000
0 0.711500 0.685500 0.017000 0.017000
0 0.593500 0.807000 0.017000 0.018000
0 0.625000 0.811000 0.016000 0.016000
0 0.639500 0.838000 0.017000 0.018000
0 0.594500 0.708500 0.017000 0.017000
0 0.577500 0.698500 0.017000 0.017000
0 0.614500 0.686500 0.017000 0.017000
0 0.608000 0.674000 0.014000 0.014000
0 0.602500 0.666000 0.015000 0.016000
0 0.664000 0.635000 0.016000 0.016000
0 0.690500 0.666500 0.017000 0.017000
0 0.643500 0.686000 0.017000 0.016000
0 0.639000 0.715500 0.018000 0.017000
0 0.634500 0.698500 0.015000 0.015000
0 0.646000 0.696000 0.014000 0.014000
0 0.676500 0.707500 0.015000 0.015000
0 0.666000 0.712000 0.014000 0.016000
0 0.658500 0.713000 0.015000 0.016000
0 0.652000 0.611000 0.016000 0.016000
0 0.625500 0.610500 0.017000 0.017000
0 0.698500 0.760500 0.017000 0.017000
0 0.704000 0.791000 0.014000 0.014000
0 0.709000 0.785500 0.016000 0.017000
0 0.554500 0.822500 0.017000 0.017000
0 0.550500 0.806000 0.019000 0.018000
0 0.534000 0.818000 0.018000 0.018000
0 0.538500 0.781500 0.017000 0.017000
0 0.512500 0.741000 0.019000 0.018000
0 0.524000 0.688500 0.018000 0.017000
0 0.467500 0.666500 0.017000 0.017000
0 0.475000 0.742500 0.018000 0.019000
0 0.475500 0.815500 0.019000 0.019000
0 0.485000 0.857500 0.016000 0.017000
0 0.513500 0.876000 0.019000 0.018000
0 0.552000 0.907500 0.014000 0.015000
0 0.510000 0.901500 0.014000 0.015000
0 0.492500 0.900000 0.013000 0.014000
0 0.525500 0.923000 0.019000 0.020000
0 0.579500 0.894500 0.019000 0.019000
0 0.604500 0.902500 0.019000 0.019000
0 0.609000 0.949000 0.016000 0.016000
0 0.615000 0.944000 0.020000 0.020000
0 0.653500 0.890500 0.017000 0.017000
0 0.362000 0.896000 0.016000 0.016000
0 0.365500 0.892500 0.019000 0.019000
0 0.356000 0.882500 0.018000 0.019000
0 0.356500 0.858500 0.013000 0.013000
0 0.399500 0.876000 0.019000 0.020000
0 0.413000 0.851500 0.020000 0.021000
0 0.243000 0.890500 0.016000 0.017000
0 0.247000 0.896500 0.016000 0.017000
0 0.262000 0.772000 0.018000 0.018000
0 0.288000 0.803000 0.018000 0.018000
0 0.268500 0.811000 0.017000 0.016000
0 0.278500 0.824000 0.019000 0.018000
0 0.248000 0.809000 0.018000 0.018000
0 0.148000 0.772000 0.012000 0.012000
0 0.238500 0.690000 0.019000 0.018000
0 0.143500 0.744500 0.017000 0.017000
0 0.128500 0.716000 0.015000 0.016000
0 0.193000 0.735500 0.014000 0.015000
0 0.184000 0.692000 0.016000 0.016000
0 0.162500 0.688000 0.019000 0.018000
0 0.172500 0.709500 0.015000 0.015000
0 0.162500 0.723500 0.013000 0.013000
0 0.157500 0.736000 0.013000 0.014000
0 0.176000 0.729000 0.016000 0.016000
0 0.178500 0.736000 0.015000 0.016000
0 0.132500 0.660500 0.017000 0.017000
0 0.101500 0.683000 0.015000 0.014000
0 0.104500 0.672500 0.017000 0.017000
0 0.114500 0.651000 0.015000 0.016000
0 0.120500 0.650500 0.015000 0.015000
0 0.091500 0.633000 0.017000 0.018000
0 0.104500 0.628000 0.015000 0.016000
0 0.147500 0.604500 0.017000 0.017000
0 0.207000 0.590500 0.018000 0.019000
0 0.240000 0.584500 0.018000 0.019000
0 0.115000 0.600000 0.016000 0.016000
0 0.154000 0.574000 0.016000 0.016000
0 0.127000 0.580500 0.016000 0.017000
0 0.105500 0.515500 0.019000 0.021000
0 0.182000 0.534500 0.016000 0.017000
0 0.200000 0.536000 0.018000 0.018000
0 0.228500 0.505000 0.017000 0.018000
0 0.244000 0.528000 0.018000 0.018000
0 0.153000 0.549000 0.018000 0.018000
0 0.163000 0.550000 0.014000 0.014000
0 0.058500 0.578500 0.017000 0.017000
0 0.093500 0.489500 0.019000 0.019000
0 0.154500 0.488500 0.019000 0.019000
0 0.175500 0.441500 0.019000 0.019000
0 0.229500 0.446500 0.019000 0.019000
0 0.342000 0.505500 0.018000 0.019000
0 0.361500 0.482000 0.019000 0.020000
0 0.261000 0.494500 0.018000 0.019000
0 0.278000 0.492500 0.018000 0.019000
0 0.284500 0.464500 0.017000 0.017000
0 0.311500 0.464000 0.015000 0.016000
0 0.317000 0.450000 0.018000 0.018000
0 0.352000 0.447500 0.018000 0.019000
0 0.367000 0.435500 0.018000 0.019000
0 0.339500 0.410000 0.019000 0.020000
0 0.313500 0.390500 0.017000 0.017000
0 0.308500 0.320500 0.017000 0.017000
0 0.301500 0.341500 0.017000 0.017000
0 0.305000 0.354000 0.016000 0.016000
0 0.307500 0.364500 0.017000 0.017000
0 0.360000 0.299000 0.018000 0.018000
0 0.375000 0.304000 0.018000 0.018000
0 0.303500 0.248500 0.019000 0.019000
0 0.329000 0.223500 0.016000 0.017000
0 0.337500 0.228000 0.013000 0.014000
0 0.376000 0.245000 0.016000 0.016000
0 0.225500 0.208000 0.019000 0.020000
0 0.206500 0.198000 0.019000 0.020000
0 0.192000 0.285500 0.018000 0.019000
0 0.241500 0.165000 0.015000 0.016000
0 0.290000 0.167500 0.016000 0.017000
0 0.353000 0.155000 0.018000 0.018000
0 0.309500 0.148500 0.015000 0.015000
0 0.303500 0.163500 0.015000 0.015000
0 0.315500 0.160500 0.015000 0.015000
0 0.324500 0.166500 0.017000 0.017000
0 0.390500 0.081000 0.017000 0.018000
0 0.423000 0.077000 0.018000 0.018000
0 0.433000 0.129000 0.018000 0.018000
0 0.454500 0.136500 0.017000 0.017000
0 0.414500 0.166500 0.015000 0.015000
0 0.450500 0.187500 0.017000 0.017000
0 0.480000 0.203000 0.016000 0.016000
0 0.382000 0.162500 0.016000 0.017000
0 0.391500 0.167000 0.013000 0.014000
0 0.394500 0.289500 0.017000 0.017000
0 0.434000 0.288000 0.016000 0.016000
0 0.396000 0.328000 0.018000 0.018000
0 0.418500 0.378000 0.017000 0.018000
0 0.411000 0.417500 0.018000 0.017000
0 0.441500 0.408000 0.019000 0.020000
0 0.437000 0.448000 0.018000 0.018000
0 0.476000 0.477500 0.018000 0.019000
0 0.494000 0.461000 0.018000 0.018000
0 0.493500 0.527500 0.017000 0.017000
0 0.457500 0.528000 0.015000 0.016000
0 0.417500 0.521500 0.017000 0.017000
0 0.415500 0.531500 0.017000 0.017000
0 0.424500 0.556500 0.017000 0.017000
0 0.443000 0.599000 0.018000 0.018000
0 0.420500 0.602500 0.017000 0.017000
0 0.425000 0.618000 0.016000 0.016000
0 0.474000 0.617000 0.016000 0.016000
0 0.479000 0.611000 0.016000 0.016000
0 0.464500 0.635000 0.017000 0.016000
0 0.466500 0.652500 0.017000 0.017000
0 0.409000 0.655500 0.018000 0.017000
0 0.411000 0.692000 0.018000 0.018000
0 0.380000 0.648500 0.020000 0.019000
0 0.347500 0.632000 0.017000 0.016000
0 0.414000 0.737000 0.018000 0.018000
0 0.427000 0.720000 0.016000 0.016000
0 0.445500 0.729500 0.017000 0.017000
0 0.435500 0.832000 0.017000 0.018000
0 0.419000 0.801500 0.018000 0.017000
0 0.402500 0.782500 0.015000 0.015000
0 0.391500 0.800000 0.017000 0.018000
0 0.388500 0.809000 0.017000 0.018000
0 0.320000 0.711000 0.018000 0.018000
0 0.298000 0.686000 0.018000 0.018000
0 0.304500 0.667000 0.013000 0.012000
0 0.321000 0.681000 0.016000 0.016000
0 0.334500 0.674500 0.017000 0.017000
0 0.322500 0.655000 0.015000 0.016000
0 0.339500 0.657000 0.017000 0.018000
0 0.294000 0.557000 0.020000 0.020000
0 0.344500 0.568000 0.017000 0.018000
0 0.359500 0.576000 0.017000 0.018000
0 0.366000 0.589500 0.018000 0.017000
0 0.441000 0.377500 0.016000 0.017000
0 0.459000 0.382000 0.016000 0.016000
0 0.476500 0.384000 0.017000 0.018000
0 0.511000 0.391500 0.018000 0.019000
0 0.491500 0.412500 0.019000 0.019000
0 0.537000 0.481500 0.018000 0.019000
0 0.561000 0.522500 0.018000 0.019000
0 0.544500 0.565500 0.017000 0.017000
0 0.486000 0.570500 0.016000 0.017000
0 0.474000 0.574000 0.018000 0.018000
0 0.451500 0.548500 0.015000 0.015000
0 0.458000 0.554500 0.014000 0.015000
0 0.463500 0.543500 0.015000 0.015000
0 0.511500 0.611000 0.017000 0.018000
0 0.527500 0.638000 0.015000 0.016000
0 0.541000 0.625500 0.014000 0.015000
0 0.536500 0.640000 0.015000 0.016000
0 0.552500 0.596000 0.013000 0.014000
0 0.559000 0.597000 0.016000 0.016000
0 0.577500 0.602500 0.015000 0.015000
0 0.572000 0.621000 0.014000 0.014000
0 0.561500 0.643500 0.017000 0.017000
0 0.579500 0.634000 0.015000 0.016000
0 0.587000 0.634500 0.014000 0.015000
0 0.592500 0.560500 0.017000 0.017000
0 0.613000 0.564000 0.016000 0.016000
0 0.635000 0.577000 0.016000 0.016000
0 0.633000 0.585000 0.014000 0.014000
0 0.757500 0.600000 0.017000 0.016000
0 0.707000 0.600500 0.016000 0.017000
0 0.695500 0.596500 0.015000 0.015000
0 0.704000 0.642000 0.016000 0.016000
0 0.699000 0.636500 0.014000 0.015000
0 0.674500 0.597500 0.015000 0.015000
0 0.675000 0.603500 0.014000 0.015000
0 0.748000 0.501000 0.018000 0.018000
0 0.772000 0.513500 0.016000 0.017000
0 0.772000 0.432000 0.018000 0.018000
0 0.795500 0.467000 0.019000 0.020000
0 0.809500 0.398000 0.017000 0.018000
0 0.641000 0.424500 0.014000 0.013000
0 0.644500 0.436500 0.013000 0.013000
0 0.632500 0.457500 0.015000 0.015000
0 0.671500 0.491000 0.017000 0.018000
0 0.706500 0.489500 0.017000 0.017000
0 0.708500 0.499500 0.017000 0.017000
0 0.704500 0.542000 0.017000 0.016000
0 0.692500 0.527500 0.017000 0.017000
0 0.680000 0.533500 0.016000 0.017000
0 0.598500 0.510500 0.017000 0.017000
0 0.649500 0.495000 0.017000 0.018000
0 0.641000 0.525000 0.014000 0.014000
0 0.629000 0.514500 0.014000 0.015000
0 0.634500 0.512500 0.015000 0.015000
0 0.598500 0.439000 0.017000 0.016000
0 0.565000 0.434000 0.018000 0.018000
0 0.710000 0.459000 0.018000 0.018000
0 0.688000 0.455000 0.016000 0.016000
0 0.674000 0.464500 0.014000 0.015000
0 0.682000 0.465500 0.014000 0.015000
0 0.616000 0.464000 0.014000 0.014000
0 0.625500 0.475500 0.015000 0.015000
0 0.639000 0.481000 0.014000 0.014000
0 0.587000 0.466500 0.016000 0.017000
0 0.595500 0.478000 0.015000 0.016000
0 0.590000 0.474000 0.014000 0.014000
0 0.578000 0.318000 0.016000 0.016000
0 0.565500 0.329500 0.015000 0.015000
0 0.562500 0.347500 0.017000 0.017000
0 0.572500 0.363000 0.017000 0.018000
0 0.595000 0.376500 0.016000 0.017000
0 0.649000 0.392000 0.018000 0.018000
0 0.683500 0.339500 0.021000 0.021000
0 0.638500 0.369500 0.017000 0.017000
0 0.624000 0.375500 0.018000 0.019000
0 0.615500 0.349500 0.015000 0.015000
0 0.623500 0.328500 0.017000 0.017000
0 0.614000 0.318000 0.016000 0.016000
0 0.633500 0.313500 0.015000 0.015000
0 0.640000 0.318000 0.016000 0.016000
0 0.680000 0.308000 0.018000 0.018000
0 0.664500 0.293500 0.015000 0.015000
0 0.663000 0.301000 0.016000 0.016000
0 0.702500 0.279500 0.021000 0.021000
0 0.753500 0.348500 0.021000 0.021000
0 0.746000 0.393000 0.016000 0.016000
0 0.733500 0.398500 0.015000 0.015000
0 0.743000 0.399000 0.016000 0.016000
0 0.797500 0.371000 0.019000 0.018000
0 0.709000 0.386000 0.018000 0.018000
0 0.712000 0.417000 0.016000 0.016000
0 0.691000 0.416000 0.016000 0.016000
0 0.694500 0.423000 0.013000 0.012000
0 0.672000 0.401000 0.014000 0.014000
0 0.679500 0.388500 0.013000 0.013000
0 0.688000 0.384500 0.016000 0.017000
0 0.803500 0.341000 0.017000 0.018000
0 0.800000 0.332000 0.020000 0.020000
0 0.824500 0.255000 0.019000 0.020000
0 0.770000 0.272000 0.020000 0.020000
0 0.797000 0.289000 0.018000 0.018000
0 0.805500 0.303000 0.017000 0.016000
0 0.804000 0.295500 0.018000 0.017000
0 0.763000 0.239000 0.020000 0.020000
0 0.806500 0.228500 0.021000 0.021000
0 0.894500 0.412500 0.019000 0.021000
0 0.941000 0.424000 0.018000 0.018000
0 0.951500 0.400500 0.019000 0.019000
0 0.941000 0.449500 0.018000 0.019000
0 0.242000 0.653500 0.014000 0.015000
0 0.224000 0.649500 0.016000 0.017000
0 0.228500 0.656500 0.015000 0.015000
0 0.203000 0.500000 0.018000 0.018000
0 0.205000 0.515000 0.018000 0.018000
0 0.522500 0.343500 0.017000 0.017000
0 0.527000 0.326000 0.018000 0.018000
0 0.587500 0.289500 0.017000 0.017000
0 0.573000 0.301500 0.016000 0.017000
0 0.554500 0.301500 0.015000 0.015000
0 0.551500 0.289500 0.011000 0.013000
0 0.538000 0.287500 0.014000 0.015000
0 0.531500 0.288000 0.011000 0.012000
0 0.512500 0.294000 0.015000 0.016000
0 0.492000 0.316000 0.016000 0.016000
0 0.502500 0.327500 0.013000 0.013000
0 0.504000 0.336500 0.010000 0.011000
0 0.474000 0.349000 0.014000 0.014000
0 0.453000 0.348000 0.016000 0.016000
0 0.464500 0.317000 0.015000 0.016000
0 0.448500 0.312000 0.015000 0.016000
0 0.497000 0.275000 0.018000 0.018000
0 0.594500 0.231000 0.019000 0.020000
0 0.591500 0.251500 0.015000 0.015000
0 0.562000 0.236000 0.016000 0.016000
0 0.545500 0.232500 0.017000 0.017000
0 0.581500 0.182000 0.019000 0.020000
0 0.529500 0.197500 0.017000 0.017000
0 0.488500 0.163500 0.015000 0.015000
0 0.491000 0.170000 0.016000 0.016000
0 0.500000 0.206500 0.014000 0.015000
0 0.499500 0.214500 0.015000 0.015000
0 0.506000 0.235000 0.014000 0.014000
0 0.496000 0.247000 0.016000 0.016000
0 0.521500 0.247000 0.013000 0.014000
0 0.530500 0.256000 0.015000 0.016000
0 0.466000 0.241000 0.016000 0.016000
0 0.460000 0.222000 0.016000 0.016000
0 0.446000 0.209000 0.016000 0.016000
0 0.432000 0.205500 0.014000 0.015000
0 0.397000 0.192500 0.016000 0.015000
0 0.388000 0.199500 0.016000 0.015000
0 0.377500 0.218000 0.015000 0.016000
0 0.390500 0.214000 0.015000 0.016000
0 0.397000 0.230500 0.016000 0.017000
0 0.415000 0.224500 0.012000 0.013000
0 0.426500 0.229000 0.013000 0.014000
0 0.426500 0.234000 0.013000 0.014000
0 0.113000 0.273000 0.016000 0.016000
0 0.119500 0.299000 0.017000 0.016000
0 0.123000 0.324000 0.018000 0.018000
0 0.105000 0.332500 0.016000 0.017000
0 0.112000 0.315000 0.018000 0.018000
0 0.087500 0.294000 0.015000 0.016000
0 0.099000 0.287000 0.016000 0.016000
0 0.631500 0.219500 0.017000 0.017000
0 0.621500 0.232000 0.017000 0.018000
0 0.643000 0.243000 0.018000 0.018000
0 0.673000 0.170500 0.020000 0.021000
0 0.700000 0.148000 0.020000 0.020000
0 0.642500 0.115500 0.015000 0.015000
0 0.599500 0.071000 0.017000 0.018000
0 0.621000 0.096000 0.016000 0.018000
0 0.650500 0.086000 0.017000 0.018000
0 0.694500 0.096500 0.017000 0.019000
0 0.680500 0.079000 0.019000 0.020000
0 0.642000 0.068500 0.020000 0.019000
0 0.852500 0.202500 0.019000 0.019000
0 0.837000 0.187500 0.018000 0.019000
0 0.825500 0.175000 0.017000 0.018000
0 0.786500 0.126500 0.019000 0.019000
0 0.514000 0.043000 0.018000 0.020000
0 0.817500 0.371000 0.013000 0.014000
