0 0.504000 0.722000 0.022000 0.022000
0 0.553000 0.744000 0.020000 0.020000
0 0.556500 0.707000 0.021000 0.022000
0 0.533500 0.654000 0.021000 0.022000
0 0.530500 0.594500 0.023000 0.023000
0 0.646500 0.824000 0.021000 0.022000
0 0.655000 0.924500 0.022000 0.023000
0 0.595500 0.786500 0.023000 0.023000
0 0.617000 0.767500 0.022000 0.023000
0 0.646500 0.480500 0.025000 0.025000
0 0.562500 0.467500 0.021000 0.021000
0 0.519500 0.499500 0.023000 0.023000
0 0.563500 0.437000 0.021000 0.022000
0 0.644500 0.417000 0.023000 0.024000
0 0.452000 0.473000 0.020000 0.022000
0 0.436500 0.489500 0.021000 0.023000
0 0.460500 0.532500 0.021000 0.023000
0 0.472000 0.608000 0.022000 0.024000
0 0.424000 0.601000 0.020000 0.020000
0 0.449500 0.565500 0.021000 0.023000
0 0.410500 0.549500 0.017000 0.017000
0 0.406000 0.638500 0.020000 0.021000
0 0.385000 0.672000 0.022000 0.022000
0 0.369000 0.662500 0.014000 0.015000
0 0.263000 0.683000 0.020000 0.020000
0 0.272000 0.686500 0.020000 0.021000
0 0.306500 0.622500 0.021000 0.021000
0 0.253000 0.655000 0.022000 0.022000
0 0.252500 0.709500 0.021000 0.021000
0 0.211000 0.619500 0.020000 0.021000
0 0.207500 0.591000 0.021000 0.022000
0 0.209500 0.552000 0.017000 0.016000
0 0.272500 0.566000 0.021000 0.022000
0 0.290500 0.554500 0.021000 0.021000
0 0.322500 0.531500 0.021000 0.021000
0 0.299500 0.501500 0.019000 0.021000
0 0.282000 0.501000 0.020000 0.020000
0 0.259500 0.511000 0.019000 0.020000
0 0.228500 0.501500 0.019000 0.019000
0 0.229500 0.526500 0.019000 0.019000
0 0.186000 0.450500 0.016000 0.017000
0 0.195000 0.446000 0.018000 0.018000
0 0.208000 0.454500 0.020000 0.021000
0 0.156000 0.483000 0.024000 0.024000
0 0.129000 0.436500 0.022000 0.023000
0 0.091000 0.489500 0.020000 0.021000
0 0.105000 0.537500 0.022000 0.023000
0 0.056500 0.575500 0.021000 0.021000
0 0.028000 0.498000 0.020000 0.020000
0 0.374000 0.536000 0.022000 0.022000
0 0.387500 0.462500 0.017000 0.017000
0 0.460000 0.400000 0.022000 0.022000
0 0.366000 0.412000 0.022000 0.022000
0 0.356000 0.349000 0.022000 0.024000
0 0.412500 0.314000 0.021000 0.020000
0 0.375000 0.299000 0.022000 0.022000
0 0.338000 0.280000 0.020000 0.020000
0 0.359500 0.272000 0.017000 0.018000
0 0.365000 0.271500 0.018000 0.019000
0 0.393000 0.203500 0.022000 0.023000
0 0.383500 0.170500 0.021000 0.021000
0 0.332000 0.188000 0.022000 0.022000
0 0.310500 0.146500 0.019000 0.019000
0 0.310500 0.123500 0.019000 0.019000
0 0.294000 0.097000 0.020000 0.020000
0 0.357000 0.072500 0.020000 0.021000
0 0.252000 0.137500 0.018000 0.019000
0 0.235500 0.215500 0.015000 0.015000
0 0.626000 0.168500 0.022000 0.023000
0 0.643000 0.174500 0.018000 0.019000
0 0.623000 0.295000 0.022000 0.022000
0 0.577000 0.303500 0.022000 0.023000
0 0.574500 0.311500 0.021000 0.021000
0 0.880000 0.551000 0.024000 0.024000
0 0.932000 0.563500 0.018000 0.019000
0 0.930500 0.585500 0.021000 0.021000
0 0.863500 0.604500 0.021000 0.021000
0 0.953000 0.449000 0.022000 0.022000
0 0.790500 0.552500 0.021000 0.021000
0 0.767500 0.574000 0.021000 0.022000
0 0.829000 0.707000 0.022000 0.022000
0 0.756000 0.712000 0.024000 0.024000
0 0.811000 0.657000 0.022000 0.020000
0 0.811500 0.642500 0.021000 0.021000
0 0.898500 0.647000 0.019000 0.020000
0 0.915000 0.691500 0.020000 0.021000
0 0.891500 0.755500 0.021000 0.021000
0 0.814000 0.789000 0.020000 0.020000
0 0.793500 0.836500 0.019000 0.019000
0 0.829500 0.851000 0.021000 0.020000
0 0.849000 0.240000 0.022000 0.020000
0 0.765500 0.247000 0.021000 0.022000
0 0.765500 0.282000 0.023000 0.022000
0 0.781000 0.309000 0.020000 0.020000
0 0.791000 0.301500 0.020000 0.021000
0 0.856500 0.378000 0.025000 0.024000
0 0.795000 0.154000 0.022000 0.022000
0 0.186500 0.149500 0.021000 0.021000
0 0.256500 0.894500 0.019000 0.021000
0 0.263500 0.895500 0.019000 0.021000
0 0.319500 0.863500 0.023000 0.023000
0 0.260000 0.848500 0.020000 0.021000
0 0.286000 0.808500 0.020000 0.019000
0 0.279000 0.791500 0.022000 0.021000
0 0.175000 0.793500 0.022000 0.021000
0 0.175000 0.780500 0.020000 0.021000
0 0.131000 0.746500 0.022000 0.021000
0 0.080500 0.674500 0.021000 0.021000
0 0.424500 0.930000 0.021000 0.022000
