0 0.792500 0.216000 0.021000 0.022000
0 0.906000 0.287500 0.022000 0.021000
0 0.804000 0.361000 0.022000 0.022000
0 0.765500 0.346000 0.021000 0.022000
0 0.797000 0.460000 0.022000 0.022000
0 0.761500 0.404500 0.019000 0.019000
0 0.748500 0.404000 0.021000 0.022000
0 0.725000 0.352000 0.022000 0.022000
0 0.671000 0.336000 0.022000 0.022000
0 0.673000 0.269500 0.018000 0.019000
0 0.652500 0.256500 0.017000 0.019000
0 0.644000 0.222500 0.018000 0.019000
0 0.617500 0.164000 0.021000 0.022000
0 0.589500 0.141000 0.023000 0.024000
0 0.618500 0.222500 0.019000 0.021000
0 0.625000 0.222000 0.016000 0.018000
0 0.630500 0.253000 0.021000 0.020000
0 0.628500 0.282500 0.021000 0.021000
0 0.528000 0.238500 0.022000 0.021000
0 0.570500 0.313500 0.019000 0.019000
0 0.558000 0.309500 0.018000 0.019000
0 0.547000 0.321500 0.018000 0.017000
0 0.543000 0.339500 0.020000 0.021000
0 0.546500 0.396500 0.021000 0.021000
0 0.569500 0.431500 0.021000 0.021000
0 0.584500 0.478000 0.021000 0.022000
0 0.540000 0.478000 0.020000 0.020000
0 0.560500 0.502000 0.021000 0.022000
0 0.577000 0.531000 0.022000 0.022000
0 0.590500 0.562000 0.023000 0.022000
0 0.645500 0.577500 0.021000 0.021000
0 0.657000 0.586000 0.022000 0.020000
0 0.653000 0.627000 0.022000 0.022000
0 0.627500 0.624500 0.015000 0.015000
0 0.631000 0.658500 0.022000 0.023000
0 0.610500 0.692500 0.021000 0.021000
0 0.590000 0.803000 0.022000 0.022000
0 0.575000 0.760000 0.020000 0.022000
0 0.559000 0.759500 0.022000 0.023000
0 0.680000 0.810000 0.022000 0.024000
0 0.691000 0.783000 0.022000 0.024000
0 0.573000 0.845500 0.020000 0.021000
0 0.592500 0.927500 0.023000 0.023000
0 0.435500 0.847500 0.023000 0.023000
0 0.390500 0.887000 0.021000 0.022000
0 0.370500 0.832000 0.021000 0.022000
0 0.378000 0.801000 0.022000 0.022000
0 0.346500 0.802000 0.021000 0.022000
0 0.446500 0.808500 0.021000 0.021000
0 0.438500 0.824000 0.021000 0.020000
0 0.500000 0.826500 0.022000 0.023000
0 0.494000 0.744000 0.024000 0.022000
0 0.469500 0.642000 0.023000 0.022000
0 0.446500 0.553500 0.023000 0.023000
0 0.413500 0.615500 0.021000 0.019000
0 0.403000 0.609500 0.024000 0.021000
0 0.402500 0.598000 0.021000 0.022000
0 0.420500 0.526500 0.021000 0.023000
0 0.502000 0.501000 0.024000 0.024000
0 0.521500 0.437000 0.013000 0.014000
0 0.485000 0.373500 0.022000 0.023000
0 0.398000 0.400500 0.020000 0.021000
0 0.505500 0.309500 0.019000 0.019000
0 0.501000 0.330000 0.018000 0.018000
0 0.504500 0.336500 0.017000 0.017000
0 0.510000 0.111500 0.020000 0.021000
0 0.472000 0.121500 0.018000 0.019000
0 0.488000 0.145000 0.020000 0.020000
0 0.467500 0.186500 0.017000 0.017000
0 0.471000 0.212500 0.020000 0.019000
0 0.493000 0.183500 0.018000 0.017000
0 0.489500 0.193500 0.015000 0.015000
0 0.422000 0.185500 0.020000 0.019000
0 0.407000 0.149000 0.020000 0.020000
0 0.407500 0.111500 0.017000 0.017000
0 0.414000 0.110500 0.018000 0.019000
0 0.373000 0.080500 0.020000 0.019000
0 0.301000 0.102000 0.020000 0.020000
0 0.377000 0.157000 0.020000 0.020000
0 0.390500 0.210000 0.017000 0.018000
0 0.300500 0.184000 0.019000 0.018000
0 0.369500 0.276500 0.023000 0.021000
0 0.333500 0.303000 0.021000 0.022000
0 0.365500 0.367500 0.021000 0.023000
0 0.175000 0.356000 0.022000 0.022000
0 0.212500 0.304000 0.019000 0.020000
0 0.206500 0.280000 0.019000 0.020000
0 0.123000 0.335000 0.020000 0.020000
0 0.077000 0.306000 0.022000 0.022000
0 0.075000 0.449000 0.022000 0.024000
0 0.039500 0.448500 0.021000 0.023000
0 0.178500 0.511500 0.021000 0.021000
0 0.075500 0.538500 0.019000 0.019000
0 0.209000 0.464000 0.022000 0.022000
0 0.286500 0.441000 0.021000 0.022000
0 0.204000 0.561000 0.020000 0.020000
0 0.239000 0.567500 0.020000 0.021000
0 0.243500 0.552500 0.017000 0.019000
0 0.275500 0.556000 0.021000 0.022000
0 0.270500 0.573500 0.021000 0.021000
0 0.274500 0.634000 0.021000 0.022000
0 0.205000 0.656000 0.018000 0.020000
0 0.191000 0.672500 0.020000 0.021000
0 0.148500 0.677500 0.019000 0.019000
0 0.154500 0.752500 0.021000 0.021000
0 0.099500 0.672000 0.021000 0.024000
0 0.053000 0.633500 0.020000 0.021000
0 0.240500 0.852000 0.023000 0.024000
0 0.361500 0.706500 0.021000 0.021000
0 0.339500 0.641500 0.019000 0.019000
0 0.299500 0.645000 0.019000 0.020000
0 0.308500 0.658000 0.021000 0.022000
0 0.506500 0.536000 0.025000 0.024000
0 0.556000 0.042000 0.022000 0.022000
0 0.250500 0.149500 0.019000 0.019000
0 0.250500 0.161500 0.019000 0.019000
0 0.773500 0.623000 0.023000 0.024000
0 0.910500 0.663000 0.019000 0.020000
0 0.940500 0.629000 0.023000 0.022000
0 0.357000 0.494000 0.020000 0.020000
0 0.312500 0.478000 0.023000 0.024000
0 0.343000 0.569500 0.022000 0.023000
