0 0.354500 0.376500 0.019000 0.019000
0 0.346500 0.403000 0.019000 0.020000
0 0.366500 0.404500 0.021000 0.023000
0 0.390500 0.430500 0.019000 0.019000
0 0.397500 0.434500 0.021000 0.021000
0 0.428000 0.468500 0.020000 0.019000
0 0.433500 0.473000 0.021000 0.022000
0 0.294500 0.441500 0.023000 0.023000
0 0.374500 0.531000 0.025000 0.024000
0 0.462500 0.571500 0.025000 0.025000
0 0.444500 0.606500 0.025000 0.025000
0 0.395000 0.601500 0.024000 0.025000
0 0.434000 0.519000 0.018000 0.018000
0 0.449500 0.505500 0.021000 0.021000
0 0.461000 0.526000 0.024000 0.022000
0 0.548000 0.624500 0.022000 0.023000
0 0.568500 0.682500 0.025000 0.025000
0 0.706000 0.733500 0.022000 0.023000
0 0.720500 0.634000 0.023000 0.022000
0 0.742500 0.595500 0.023000 0.025000
0 0.693500 0.605000 0.023000 0.022000
0 0.671000 0.575000 0.020000 0.022000
0 0.629000 0.609000 0.020000 0.022000
0 0.633000 0.624000 0.016000 0.018000
0 0.656000 0.623000 0.018000 0.020000
0 0.672000 0.643000 0.020000 0.020000
0 0.676000 0.670000 0.022000 0.022000
0 0.634000 0.650000 0.022000 0.022000
0 0.709000 0.486000 0.024000 0.024000
0 0.743000 0.542000 0.020000 0.020000
0 0.747500 0.536000 0.021000 0.022000
0 0.752000 0.540000 0.018000 0.018000
0 0.864000 0.514000 0.018000 0.018000
0 0.853000 0.579000 0.026000 0.026000
0 0.799000 0.350500 0.022000 0.023000
0 0.824000 0.384500 0.022000 0.023000
0 0.858000 0.411500 0.020000 0.021000
0 0.850500 0.452500 0.023000 0.023000
0 0.780000 0.431000 0.020000 0.022000
0 0.765000 0.374500 0.022000 0.023000
0 0.739000 0.374000 0.022000 0.022000
0 0.812500 0.315500 0.019000 0.019000
0 0.806000 0.294500 0.020000 0.019000
0 0.800000 0.270000 0.018000 0.020000
0 0.768000 0.286000 0.022000 0.022000
0 0.785000 0.268500 0.014000 0.017000
0 0.868500 0.301500 0.019000 0.019000
0 0.851000 0.224000 0.022000 0.022000
0 0.860000 0.279000 0.018000 0.020000
0 0.876000 0.276000 0.018000 0.020000
0 0.892000 0.274500 0.018000 0.021000
0 0.954500 0.251500 0.019000 0.019000
0 0.919000 0.266000 0.020000 0.020000
0 0.898000 0.255500 0.018000 0.019000
0 0.903000 0.335000 0.018000 0.020000
0 0.885000 0.320000 0.020000 0.020000
0 0.884000 0.340500 0.020000 0.021000
0 0.897000 0.388500 0.022000 0.023000
0 0.913000 0.412000 0.020000 0.024000
0 0.929000 0.529000 0.024000 0.024000
0 0.879000 0.693500 0.022000 0.025000
0 0.796000 0.744000 0.022000 0.024000
0 0.758000 0.811000 0.024000 0.024000
0 0.769000 0.865000 0.020000 0.020000
0 0.784000 0.918000 0.020000 0.020000
0 0.767000 0.909000 0.022000 0.022000
0 0.705500 0.949500 0.023000 0.023000
0 0.556000 0.856000 0.024000 0.024000
0 0.587500 0.908000 0.025000 0.024000
0 0.456500 0.889000 0.021000 0.022000
0 0.357000 0.816500 0.022000 0.023000
0 0.403500 0.949500 0.023000 0.025000
0 0.423500 0.844000 0.019000 0.020000
0 0.405500 0.830500 0.019000 0.019000
0 0.411000 0.841500 0.020000 0.019000
0 0.305000 0.890000 0.022000 0.022000
0 0.306500 0.861000 0.021000 0.024000
0 0.290500 0.873000 0.019000 0.020000
0 0.157500 0.873000 0.021000 0.024000
0 0.217500 0.751000 0.023000 0.022000
0 0.084000 0.691500 0.022000 0.023000
0 0.094000 0.560000 0.016000 0.016000
0 0.089000 0.578500 0.022000 0.023000
0 0.178000 0.582500 0.026000 0.025000
0 0.196500 0.480500 0.021000 0.021000
0 0.208500 0.492000 0.017000 0.016000
0 0.205500 0.508000 0.023000 0.020000
0 0.187000 0.527000 0.022000 0.020000
0 0.131500 0.514000 0.023000 0.024000
0 0.140500 0.344000 0.019000 0.020000
0 0.148000 0.344000 0.020000 0.020000
0 0.180500 0.348500 0.021000 0.021000
0 0.181500 0.356000 0.019000 0.018000
0 0.187500 0.403000 0.021000 0.022000
0 0.224000 0.407500 0.018000 0.019000
0 0.249000 0.422500 0.020000 0.019000
0 0.215500 0.438500 0.019000 0.019000
0 0.132500 0.414000 0.019000 0.022000
0 0.114000 0.419500 0.020000 0.019000
0 0.083000 0.391500 0.022000 0.023000
0 0.258000 0.389000 0.022000 0.022000
0 0.229500 0.296500 0.021000 0.021000
0 0.302000 0.282000 0.020000 0.020000
0 0.309000 0.286000 0.020000 0.022000
0 0.350500 0.292000 0.021000 0.020000
0 0.413500 0.355500 0.013000 0.015000
0 0.430500 0.340000 0.021000 0.022000
0 0.497500 0.338500 0.023000 0.023000
0 0.476000 0.304500 0.022000 0.021000
0 0.314500 0.792500 0.023000 0.023000
0 0.365500 0.761000 0.021000 0.022000
0 0.399000 0.760500 0.022000 0.023000
0 0.388000 0.720500 0.022000 0.023000
0 0.384500 0.695500 0.023000 0.023000
0 0.279500 0.670500 0.025000 0.025000
0 0.315000 0.116000 0.022000 0.020000
0 0.404500 0.159000 0.021000 0.022000
0 0.322500 0.175000 0.019000 0.020000
0 0.283500 0.193500 0.021000 0.019000
0 0.313000 0.151000 0.018000 0.020000
0 0.328500 0.154500 0.017000 0.017000
0 0.250500 0.150500 0.021000 0.021000
0 0.222500 0.135000 0.019000 0.020000
0 0.201000 0.158500 0.020000 0.021000
0 0.245000 0.245000 0.022000 0.022000
0 0.172000 0.299500 0.022000 0.023000
0 0.028500 0.521500 0.021000 0.021000
0 0.036500 0.518500 0.019000 0.021000
0 0.052000 0.763500 0.022000 0.023000
0 0.654500 0.785500 0.023000 0.025000
0 0.521500 0.232000 0.021000 0.022000
0 0.452500 0.192000 0.021000 0.022000
0 0.523000 0.144500 0.022000 0.021000
0 0.615000 0.213500 0.020000 0.021000
0 0.581000 0.199500 0.022000 0.021000
0 0.583000 0.189500 0.018000 0.019000
0 0.599000 0.183000 0.020000 0.020000
0 0.579000 0.138000 0.020000 0.020000
0 0.570000 0.136000 0.020000 0.020000
0 0.560000 0.100000 0.020000 0.020000
0 0.588000 0.084500 0.020000 0.021000
0 0.498500 0.080000 0.019000 0.018000
0 0.514000 0.096000 0.018000 0.018000
0 0.499500 0.098500 0.015000 0.015000
0 0.486000 0.100000 0.020000 0.022000
0 0.474000 0.122000 0.018000 0.018000
0 0.452500 0.127000 0.021000 0.020000
0 0.601000 0.056500 0.018000 0.019000
0 0.573500 0.039500 0.019000 0.019000
0 0.565500 0.033500 0.021000 0.019000
0 0.373000 0.050000 0.018000 0.020000
0 0.452500 0.023000 0.023000 0.022000
0 0.116000 0.244000 0.022000 0.022000
0 0.584500 0.304500 0.021000 0.023000
0 0.616500 0.308000 0.019000 0.020000
0 0.647000 0.322500 0.022000 0.023000
0 0.659000 0.307500 0.020000 0.021000
0 0.585000 0.338500 0.024000 0.025000
0 0.582000 0.381000 0.026000 0.026000
0 0.666500 0.377500 0.023000 0.023000
0 0.698000 0.415500 0.022000 0.023000
0 0.639500 0.434000 0.023000 0.022000
0 0.513500 0.461500 0.025000 0.025000
0 0.636500 0.139000 0.023000 0.024000
0 0.684000 0.183000 0.020000 0.020000
0 0.660500 0.190000 0.019000 0.020000
0 0.684500 0.239500 0.023000 0.023000
0 0.629500 0.175000 0.021000 0.020000
0 0.768000 0.066500 0.020000 0.019000
0 0.774500 0.081000 0.021000 0.020000
0 0.773000 0.113000 0.020000 0.018000
0 0.750500 0.107000 0.015000 0.016000
0 0.441000 0.268000 0.024000 0.024000
0 0.424500 0.224000 0.021000 0.022000
0 0.430500 0.228500 0.021000 0.021000
