0 0.658500 0.640000 0.023000 0.024000
0 0.660500 0.598000 0.023000 0.022000
0 0.598000 0.617500 0.022000 0.023000
0 0.558500 0.648500 0.021000 0.021000
0 0.550500 0.688500 0.025000 0.023000
0 0.538500 0.718000 0.025000 0.024000
0 0.582500 0.732500 0.023000 0.025000
0 0.589500 0.569500 0.021000 0.021000
0 0.604500 0.545000 0.023000 0.024000
0 0.619000 0.535500 0.022000 0.021000
0 0.640500 0.500000 0.025000 0.026000
0 0.811500 0.646000 0.017000 0.018000
0 0.815000 0.638500 0.024000 0.025000
0 0.729000 0.602500 0.024000 0.025000
0 0.886000 0.698000 0.024000 0.026000
0 0.866000 0.790000 0.024000 0.024000
0 0.670000 0.818000 0.024000 0.024000
0 0.607000 0.819000 0.024000 0.026000
0 0.651500 0.876500 0.021000 0.023000
0 0.670000 0.878500 0.020000 0.023000
0 0.677000 0.939500 0.022000 0.021000
0 0.673000 0.957000 0.020000 0.020000
0 0.720500 0.900000 0.019000 0.018000
0 0.737500 0.886500 0.023000 0.023000
0 0.477000 0.951000 0.020000 0.022000
0 0.533000 0.954000 0.022000 0.022000
0 0.508500 0.969000 0.021000 0.022000
0 0.324000 0.773500 0.022000 0.023000
0 0.288500 0.867500 0.021000 0.021000
0 0.221000 0.848500 0.020000 0.021000
0 0.201000 0.803000 0.022000 0.022000
0 0.263500 0.757000 0.017000 0.018000
0 0.255500 0.753000 0.017000 0.018000
0 0.238500 0.742000 0.019000 0.018000
0 0.211000 0.747000 0.020000 0.020000
0 0.182500 0.753500 0.019000 0.019000
0 0.300500 0.700000 0.021000 0.022000
0 0.332000 0.672500 0.020000 0.021000
0 0.262000 0.708000 0.018000 0.018000
0 0.245000 0.700500 0.016000 0.017000
0 0.233000 0.708500 0.020000 0.019000
0 0.168500 0.729500 0.019000 0.021000
0 0.161000 0.739000 0.020000 0.020000
0 0.226000 0.662000 0.014000 0.014000
0 0.246500 0.667000 0.021000 0.022000
0 0.224000 0.684500 0.018000 0.019000
0 0.189500 0.664500 0.019000 0.019000
0 0.285500 0.607000 0.021000 0.020000
0 0.285000 0.615500 0.020000 0.019000
0 0.238500 0.627000 0.023000 0.022000
0 0.200000 0.631500 0.018000 0.021000
0 0.264000 0.579500 0.020000 0.019000
0 0.269000 0.553000 0.022000 0.022000
0 0.262000 0.566000 0.022000 0.020000
0 0.319500 0.536000 0.017000 0.018000
0 0.326000 0.516500 0.022000 0.023000
0 0.307500 0.493500 0.021000 0.021000
0 0.284500 0.478500 0.021000 0.021000
0 0.286500 0.454000 0.023000 0.022000
0 0.259500 0.420500 0.025000 0.023000
0 0.217500 0.427500 0.019000 0.019000
0 0.200500 0.490500 0.023000 0.023000
0 0.327000 0.386500 0.024000 0.025000
0 0.120500 0.365500 0.019000 0.019000
0 0.140000 0.408500 0.020000 0.019000
0 0.109000 0.386500 0.020000 0.019000
0 0.058000 0.387500 0.022000 0.021000
0 0.103500 0.426000 0.019000 0.020000
0 0.093500 0.430000 0.019000 0.020000
0 0.151500 0.484000 0.023000 0.024000
0 0.148500 0.516500 0.021000 0.021000
0 0.142500 0.550000 0.021000 0.020000
0 0.087000 0.548000 0.018000 0.018000
0 0.092000 0.554500 0.020000 0.019000
0 0.109500 0.520000 0.019000 0.020000
0 0.099500 0.499500 0.021000 0.021000
0 0.064000 0.499500 0.020000 0.021000
0 0.075500 0.526500 0.019000 0.021000
0 0.122500 0.653500 0.021000 0.023000
0 0.111000 0.622500 0.020000 0.021000
0 0.077000 0.607000 0.022000 0.022000
0 0.518500 0.593500 0.021000 0.023000
0 0.501500 0.605500 0.021000 0.023000
0 0.517500 0.640500 0.021000 0.021000
0 0.528500 0.664000 0.019000 0.020000
0 0.507500 0.651500 0.017000 0.017000
0 0.511500 0.663000 0.019000 0.020000
0 0.484500 0.661000 0.017000 0.016000
0 0.503500 0.684500 0.019000 0.019000
0 0.486500 0.693000 0.021000 0.022000
0 0.441500 0.699500 0.023000 0.023000
0 0.392500 0.694000 0.021000 0.022000
0 0.379500 0.666500 0.023000 0.023000
0 0.395000 0.623500 0.022000 0.021000
0 0.420500 0.554500 0.021000 0.021000
0 0.447500 0.556000 0.023000 0.024000
0 0.458500 0.537000 0.021000 0.022000
0 0.482500 0.523000 0.023000 0.024000
0 0.414500 0.520000 0.023000 0.024000
0 0.482000 0.464500 0.024000 0.023000
0 0.519000 0.426500 0.024000 0.023000
0 0.496500 0.385000 0.025000 0.024000
0 0.434500 0.356000 0.023000 0.022000
0 0.482500 0.305500 0.025000 0.025000
0 0.723000 0.438000 0.026000 0.026000
0 0.649500 0.366000 0.025000 0.024000
0 0.777500 0.305500 0.025000 0.025000
0 0.740500 0.299000 0.019000 0.018000
0 0.746500 0.289500 0.021000 0.021000
0 0.750500 0.249500 0.023000 0.023000
0 0.762000 0.094000 0.022000 0.022000
0 0.725000 0.119500 0.022000 0.021000
0 0.725500 0.148000 0.021000 0.020000
0 0.733000 0.169500 0.020000 0.021000
0 0.750500 0.193000 0.021000 0.020000
0 0.776000 0.144000 0.018000 0.018000
0 0.651000 0.115000 0.022000 0.022000
0 0.672500 0.073500 0.021000 0.021000
0 0.683500 0.134000 0.021000 0.020000
0 0.686500 0.195500 0.021000 0.019000
0 0.625500 0.194000 0.017000 0.018000
0 0.639000 0.194500 0.018000 0.019000
0 0.634000 0.206000 0.018000 0.018000
0 0.791500 0.153000 0.019000 0.018000
0 0.807500 0.189500 0.019000 0.019000
0 0.832500 0.197500 0.019000 0.019000
0 0.825500 0.207500 0.017000 0.017000
0 0.834500 0.217500 0.019000 0.019000
0 0.840000 0.209000 0.018000 0.018000
0 0.540000 0.128000 0.022000 0.022000
0 0.598000 0.211000 0.020000 0.022000
0 0.604000 0.215000 0.018000 0.018000
0 0.577000 0.187500 0.020000 0.021000
0 0.559500 0.161500 0.019000 0.019000
0 0.566500 0.170000 0.017000 0.016000
0 0.522000 0.087500 0.022000 0.023000
0 0.511000 0.090000 0.018000 0.018000
0 0.492500 0.111500 0.023000 0.021000
0 0.478000 0.132000 0.020000 0.020000
0 0.505500 0.165000 0.019000 0.020000
0 0.486000 0.164500 0.018000 0.017000
0 0.490000 0.154000 0.020000 0.020000
0 0.492500 0.177000 0.021000 0.020000
0 0.471500 0.193500 0.021000 0.021000
0 0.450000 0.177000 0.022000 0.022000
0 0.310000 0.107500 0.022000 0.019000
0 0.356000 0.163000 0.024000 0.024000
0 0.282500 0.171500 0.023000 0.023000
0 0.364500 0.294500 0.025000 0.023000
0 0.271000 0.326500 0.020000 0.021000
0 0.217000 0.277500 0.020000 0.019000
0 0.209000 0.266500 0.018000 0.019000
0 0.201500 0.268000 0.021000 0.022000
0 0.180500 0.273500 0.021000 0.021000
0 0.113500 0.264000 0.023000 0.022000
0 0.073500 0.290500 0.021000 0.021000
0 0.205000 0.182500 0.022000 0.021000
0 0.200000 0.194000 0.020000 0.020000
0 0.362500 0.488000 0.021000 0.022000
0 0.354500 0.545000 0.021000 0.020000
0 0.352500 0.558500 0.021000 0.019000
0 0.341000 0.590000 0.020000 0.022000
0 0.353500 0.603500 0.021000 0.023000
0 0.948500 0.396500 0.027000 0.029000
0 0.975000 0.579500 0.020000 0.023000
