0 0.146000 0.186000 0.064000 0.066000
0 0.079000 0.286500 0.056000 0.059000
0 0.134500 0.332000 0.063000 0.064000
0 0.067000 0.462500 0.066000 0.067000
0 0.092000 0.709000 0.050000 0.050000
0 0.100500 0.678500 0.049000 0.047000
0 0.120000 0.675500 0.050000 0.055000
0 0.636500 0.751000 0.075000 0.074000
0 0.689500 0.214500 0.077000 0.077000
0 0.840000 0.304000 0.078000 0.078000
0 0.234000 0.422000 0.074000 0.074000
0 0.295500 0.837500 0.063000 0.063000
0 0.486000 0.867500 0.068000 0.067000
0 0.514000 0.793000 0.070000 0.070000
0 0.330500 0.942500 0.059000 0.061000
