0 0.757500 0.708000 0.071000 0.072000
0 0.753500 0.618500 0.071000 0.073000
0 0.844000 0.521000 0.074000 0.074000
0 0.951500 0.453500 0.059000 0.071000
0 0.390000 0.497500 0.076000 0.079000
0 0.089500 0.477500 0.065000 0.061000
0 0.115500 0.450000 0.065000 0.068000
0 0.074000 0.575500 0.062000 0.065000
0 0.067500 0.386000 0.061000 0.066000
0 0.261500 0.145000 0.069000 0.070000
0 0.495500 0.909500 0.073000 0.073000
0 0.658000 0.842500 0.078000 0.077000
0 0.226500 0.664500 0.067000 0.065000
0 0.216000 0.705500 0.066000 0.061000
0 0.180500 0.675000 0.059000 0.066000
0 0.096500 0.707000 0.063000 0.068000
