0 0.493500 0.640000 0.015000 0.014000
0 0.488000 0.657000 0.012000 0.012000
0 0.497500 0.670000 0.013000 0.012000
0 0.474500 0.668000 0.011000 0.012000
0 0.478500 0.678000 0.013000 0.012000
0 0.494500 0.651000 0.023000 0.024000
0 0.512000 0.654000 0.022000 0.022000
0 0.536000 0.666000 0.010000 0.010000
0 0.531000 0.678000 0.022000 0.024000
0 0.562500 0.689500 0.013000 0.013000
0 0.566500 0.679000 0.021000 0.024000
0 0.574500 0.656000 0.021000 0.020000
0 0.543000 0.629000 0.010000 0.010000
0 0.528000 0.624000 0.022000 0.024000
0 0.560500 0.603500 0.013000 0.013000
0 0.616000 0.627000 0.026000 0.028000
0 0.462500 0.630000 0.013000 0.012000
0 0.448500 0.630000 0.013000 0.014000
0 0.495500 0.564500 0.023000 0.023000
0 0.547000 0.548000 0.022000 0.024000
0 0.572500 0.559500 0.027000 0.025000
0 0.622500 0.558000 0.013000 0.014000
0 0.531000 0.588500 0.024000 0.021000
0 0.522000 0.575000 0.022000 0.022000
0 0.514000 0.558500 0.022000 0.023000
0 0.564500 0.509000 0.015000 0.014000
0 0.587000 0.516000 0.016000 0.014000
0 0.505000 0.501500 0.014000 0.013000
0 0.476500 0.528000 0.013000 0.012000
0 0.484000 0.534000 0.012000 0.012000
0 0.554500 0.476500 0.027000 0.029000
0 0.597500 0.485500 0.011000 0.011000
0 0.595000 0.474500 0.014000 0.013000
0 0.573500 0.435500 0.015000 0.015000
0 0.598500 0.400500 0.015000 0.015000
0 0.538000 0.404500 0.026000 0.027000
0 0.497000 0.456000 0.028000 0.028000
0 0.467500 0.449000 0.027000 0.028000
0 0.620500 0.463500 0.025000 0.027000
0 0.634000 0.469000 0.024000 0.026000
0 0.686500 0.426500 0.029000 0.029000
0 0.699000 0.459000 0.026000 0.026000
0 0.699500 0.472000 0.025000 0.028000
0 0.725500 0.387000 0.015000 0.014000
0 0.718500 0.406000 0.011000 0.012000
0 0.726000 0.403500 0.016000 0.015000
0 0.765000 0.460500 0.016000 0.015000
0 0.807000 0.459500 0.014000 0.013000
0 0.778000 0.406500 0.014000 0.015000
0 0.759000 0.395500 0.012000 0.013000
0 0.759000 0.383500 0.012000 0.013000
0 0.800000 0.499500 0.014000 0.015000
0 0.758000 0.543000 0.030000 0.030000
0 0.732000 0.488000 0.026000 0.026000
0 0.720000 0.471000 0.012000 0.014000
0 0.733000 0.465000 0.016000 0.016000
0 0.895000 0.490000 0.028000 0.028000
0 0.833500 0.535000 0.015000 0.014000
0 0.848000 0.536000 0.014000 0.014000
0 0.848500 0.525000 0.013000 0.012000
0 0.828500 0.458000 0.011000 0.012000
0 0.839000 0.479000 0.014000 0.014000
0 0.836500 0.469500 0.031000 0.031000
0 0.879000 0.457000 0.014000 0.016000
0 0.904000 0.408500 0.016000 0.017000
0 0.836000 0.426500 0.010000 0.011000
0 0.850500 0.430000 0.025000 0.026000
0 0.910000 0.433500 0.014000 0.013000
0 0.831000 0.368000 0.014000 0.014000
0 0.806500 0.351500 0.029000 0.029000
0 0.782000 0.325500 0.016000 0.015000
0 0.748000 0.343500 0.014000 0.015000
0 0.931500 0.346500 0.017000 0.017000
0 0.914000 0.447000 0.012000 0.012000
0 0.937500 0.445500 0.015000 0.015000
0 0.923000 0.463000 0.014000 0.014000
0 0.925500 0.448000 0.027000 0.030000
0 0.945000 0.469500 0.014000 0.015000
0 0.964000 0.477500 0.016000 0.015000
0 0.969500 0.522000 0.015000 0.016000
0 0.982500 0.536000 0.027000 0.028000
0 0.923500 0.600000 0.027000 0.028000
0 0.937500 0.576000 0.015000 0.014000
0 0.937500 0.584000 0.015000 0.014000
0 0.924000 0.678500 0.016000 0.017000
0 0.878000 0.660000 0.024000 0.028000
0 0.862000 0.691500 0.014000 0.015000
0 0.846500 0.680500 0.023000 0.023000
0 0.860000 0.718500 0.026000 0.027000
0 0.804000 0.628000 0.026000 0.028000
0 0.811500 0.590000 0.027000 0.028000
0 0.743000 0.661000 0.012000 0.012000
0 0.790000 0.689500 0.014000 0.013000
0 0.765000 0.673000 0.014000 0.012000
0 0.753000 0.678000 0.024000 0.026000
0 0.761000 0.697500 0.012000 0.013000
0 0.790000 0.724000 0.028000 0.028000
0 0.799000 0.741500 0.014000 0.013000
0 0.695500 0.673500 0.027000 0.027000
0 0.672000 0.681500 0.010000 0.013000
0 0.740500 0.754000 0.013000 0.012000
0 0.722500 0.755000 0.029000 0.030000
0 0.703000 0.746000 0.014000 0.014000
0 0.688500 0.763000 0.015000 0.014000
0 0.711500 0.778000 0.013000 0.014000
0 0.676000 0.720500 0.014000 0.013000
0 0.688500 0.702000 0.011000 0.012000
0 0.702500 0.706500 0.011000 0.011000
0 0.711000 0.707500 0.012000 0.011000
0 0.704000 0.712000 0.012000 0.012000
0 0.655000 0.727500 0.026000 0.025000
0 0.816500 0.806000 0.015000 0.016000
0 0.685000 0.814500 0.014000 0.013000
0 0.687500 0.825000 0.027000 0.022000
0 0.702000 0.843500 0.024000 0.029000
0 0.788000 0.863000 0.016000 0.016000
0 0.806000 0.876000 0.016000 0.014000
0 0.741500 0.885000 0.015000 0.014000
0 0.709000 0.906000 0.016000 0.014000
0 0.669000 0.917000 0.016000 0.016000
0 0.702500 0.964000 0.033000 0.028000
0 0.657000 0.973000 0.014000 0.014000
0 0.644000 0.990500 0.016000 0.013000
0 0.606000 0.967500 0.016000 0.017000
0 0.577000 0.928000 0.016000 0.016000
0 0.471000 0.984500 0.016000 0.013000
0 0.412500 0.960500 0.027000 0.027000
0 0.384000 0.981000 0.026000 0.026000
0 0.349500 0.970000 0.013000 0.014000
0 0.361500 0.972500 0.013000 0.013000
0 0.353500 0.951000 0.025000 0.024000
0 0.238000 0.715000 0.016000 0.014000
0 0.313500 0.748500 0.017000 0.017000
0 0.229000 0.743500 0.016000 0.015000
0 0.194000 0.756000 0.022000 0.022000
0 0.174000 0.761000 0.014000 0.012000
0 0.214000 0.843500 0.030000 0.027000
0 0.198500 0.857000 0.013000 0.014000
0 0.186000 0.857500 0.014000 0.015000
0 0.167500 0.841000 0.025000 0.026000
0 0.179500 0.842500 0.029000 0.027000
0 0.086000 0.667000 0.014000 0.012000
0 0.077500 0.664000 0.033000 0.030000
0 0.120000 0.686000 0.016000 0.014000
0 0.164000 0.678000 0.016000 0.014000
0 0.133500 0.706000 0.013000 0.012000
0 0.159000 0.701000 0.016000 0.016000
0 0.156000 0.742500 0.014000 0.015000
0 0.103500 0.750000 0.013000 0.014000
0 0.098000 0.741500 0.014000 0.013000
0 0.143000 0.756000 0.014000 0.012000
0 0.133500 0.757000 0.025000 0.026000
0 0.139000 0.809500 0.012000 0.013000
0 0.154000 0.813500 0.012000 0.013000
0 0.164000 0.808000 0.012000 0.012000
0 0.167000 0.797000 0.014000 0.014000
0 0.147000 0.778000 0.012000 0.012000
0 0.132000 0.773000 0.014000 0.012000
0 0.117000 0.777000 0.016000 0.014000
0 0.131500 0.794000 0.025000 0.028000
0 0.152000 0.797000 0.028000 0.030000
0 0.083500 0.701500 0.027000 0.027000
0 0.092500 0.713500 0.025000 0.025000
0 0.168500 0.721500 0.023000 0.027000
0 0.185000 0.715000 0.024000 0.026000
0 0.197000 0.699000 0.024000 0.022000
0 0.213500 0.670000 0.013000 0.014000
0 0.220500 0.650000 0.015000 0.014000
0 0.204500 0.669000 0.025000 0.022000
0 0.193000 0.675500 0.028000 0.027000
0 0.185500 0.633000 0.027000 0.026000
0 0.160500 0.636000 0.015000 0.014000
0 0.189500 0.587000 0.025000 0.028000
0 0.233000 0.603500 0.016000 0.015000
0 0.137000 0.605500 0.018000 0.015000
0 0.084500 0.585500 0.025000 0.027000
0 0.102500 0.582000 0.023000 0.024000
0 0.129000 0.541000 0.016000 0.016000
0 0.157000 0.544000 0.014000 0.014000
0 0.159000 0.556500 0.014000 0.013000
0 0.202500 0.510000 0.013000 0.012000
0 0.215000 0.522000 0.014000 0.016000
0 0.231500 0.569500 0.025000 0.029000
0 0.179500 0.474000 0.015000 0.016000
0 0.217500 0.476500 0.015000 0.015000
0 0.278000 0.477500 0.014000 0.013000
0 0.290000 0.469500 0.014000 0.013000
0 0.290000 0.460000 0.014000 0.014000
0 0.288500 0.543000 0.013000 0.014000
0 0.263000 0.506000 0.022000 0.024000
0 0.245000 0.501500 0.026000 0.027000
0 0.219000 0.501000 0.024000 0.026000
0 0.275000 0.593000 0.024000 0.026000
0 0.262000 0.635000 0.014000 0.014000
0 0.307500 0.626000 0.027000 0.026000
0 0.327000 0.656000 0.014000 0.016000
0 0.355000 0.664000 0.028000 0.028000
0 0.391500 0.611500 0.013000 0.015000
0 0.414500 0.614500 0.029000 0.029000
0 0.384000 0.567500 0.028000 0.029000
0 0.315000 0.535000 0.018000 0.016000
0 0.404000 0.473500 0.016000 0.017000
0 0.553500 0.633000 0.021000 0.022000
0 0.925000 0.224500 0.016000 0.017000
0 0.880000 0.204000 0.030000 0.032000
0 0.901000 0.245000 0.030000 0.030000
0 0.835000 0.249000 0.016000 0.016000
0 0.850500 0.270500 0.015000 0.015000
0 0.873000 0.283000 0.016000 0.016000
0 0.804500 0.266000 0.025000 0.026000
0 0.799500 0.292500 0.027000 0.029000
0 0.774000 0.242500 0.014000 0.015000
0 0.755000 0.251500 0.012000 0.013000
0 0.712000 0.210500 0.014000 0.013000
0 0.696000 0.234000 0.014000 0.016000
0 0.776000 0.211500 0.014000 0.013000
0 0.762000 0.203000 0.014000 0.014000
0 0.766000 0.185500 0.032000 0.033000
0 0.660000 0.146000 0.016000 0.018000
0 0.682000 0.201000 0.028000 0.028000
0 0.658000 0.206500 0.026000 0.029000
0 0.758000 0.290000 0.014000 0.016000
0 0.747000 0.290000 0.012000 0.012000
0 0.739000 0.294500 0.012000 0.013000
0 0.744500 0.270500 0.013000 0.013000
0 0.726500 0.270500 0.013000 0.015000
0 0.708500 0.305000 0.013000 0.014000
0 0.676000 0.302000 0.014000 0.014000
0 0.656000 0.319000 0.014000 0.014000
0 0.668000 0.351500 0.024000 0.027000
0 0.657000 0.297500 0.012000 0.013000
0 0.643000 0.300500 0.028000 0.029000
0 0.643000 0.359000 0.032000 0.032000
0 0.598500 0.249500 0.015000 0.015000
0 0.588500 0.264000 0.017000 0.016000
0 0.583000 0.341000 0.016000 0.016000
0 0.506000 0.293500 0.014000 0.015000
0 0.533000 0.310500 0.012000 0.013000
0 0.549500 0.318000 0.027000 0.030000
0 0.541000 0.284500 0.014000 0.015000
0 0.529000 0.293500 0.026000 0.031000
0 0.632000 0.214500 0.028000 0.029000
0 0.571500 0.202500 0.017000 0.017000
0 0.558000 0.133000 0.016000 0.016000
0 0.598500 0.116500 0.015000 0.015000
0 0.557500 0.077500 0.029000 0.029000
0 0.623000 0.056000 0.016000 0.016000
0 0.645000 0.015500 0.028000 0.029000
0 0.458500 0.019500 0.015000 0.015000
0 0.496500 0.070500 0.015000 0.015000
0 0.477500 0.100500 0.015000 0.017000
0 0.483000 0.036500 0.014000 0.013000
0 0.473000 0.042000 0.016000 0.014000
0 0.468000 0.060500 0.014000 0.013000
0 0.435500 0.027000 0.027000 0.026000
0 0.434000 0.042500 0.016000 0.015000
0 0.401000 0.056500 0.014000 0.015000
0 0.442000 0.091500 0.014000 0.017000
0 0.422500 0.086000 0.015000 0.016000
0 0.405500 0.094000 0.013000 0.014000
0 0.428500 0.159000 0.015000 0.016000
0 0.405500 0.161500 0.029000 0.031000
0 0.365000 0.064000 0.014000 0.014000
0 0.380500 0.058000 0.029000 0.032000
0 0.249500 0.064000 0.017000 0.016000
0 0.250500 0.117000 0.015000 0.016000
0 0.296500 0.167500 0.015000 0.015000
0 0.282500 0.094500 0.027000 0.025000
0 0.297000 0.098500 0.024000 0.025000
0 0.306500 0.120500 0.027000 0.025000
0 0.309500 0.140000 0.027000 0.026000
0 0.193500 0.130500 0.027000 0.027000
0 0.246000 0.156000 0.014000 0.014000
0 0.228000 0.168000 0.026000 0.028000
0 0.252000 0.173500 0.026000 0.031000
0 0.255500 0.195000 0.017000 0.016000
0 0.248500 0.188500 0.029000 0.029000
0 0.273000 0.220000 0.018000 0.018000
0 0.277500 0.238500 0.015000 0.017000
0 0.311500 0.228000 0.015000 0.016000
0 0.299000 0.218500 0.016000 0.015000
0 0.386000 0.231000 0.016000 0.016000
0 0.337000 0.274500 0.014000 0.015000
0 0.348000 0.282000 0.016000 0.016000
0 0.406500 0.303500 0.017000 0.017000
0 0.425000 0.316500 0.014000 0.015000
0 0.417000 0.334500 0.032000 0.029000
0 0.372000 0.369500 0.026000 0.027000
0 0.407000 0.409500 0.018000 0.017000
0 0.361000 0.419500 0.014000 0.013000
0 0.327500 0.389500 0.025000 0.027000
0 0.313500 0.431500 0.013000 0.013000
0 0.328500 0.424000 0.027000 0.028000
0 0.279500 0.398500 0.015000 0.015000
0 0.311000 0.366000 0.016000 0.016000
0 0.342500 0.364000 0.013000 0.014000
0 0.357500 0.354000 0.013000 0.014000
0 0.331500 0.335500 0.011000 0.011000
0 0.337000 0.329500 0.014000 0.013000
0 0.226000 0.359000 0.016000 0.016000
0 0.171000 0.319000 0.012000 0.012000
0 0.175000 0.331000 0.030000 0.030000
0 0.197500 0.325000 0.027000 0.030000
0 0.192500 0.377000 0.029000 0.030000
0 0.149500 0.365000 0.017000 0.016000
0 0.161500 0.402500 0.017000 0.015000
0 0.155000 0.422000 0.014000 0.014000
0 0.146000 0.435500 0.026000 0.027000
0 0.110500 0.433500 0.027000 0.029000
0 0.101500 0.341000 0.025000 0.026000
0 0.070500 0.344500 0.015000 0.015000
0 0.069500 0.390000 0.025000 0.026000
0 0.056000 0.423000 0.016000 0.014000
0 0.063000 0.439500 0.016000 0.015000
0 0.055500 0.448000 0.027000 0.026000
0 0.419500 0.495000 0.013000 0.014000
0 0.426000 0.499500 0.012000 0.013000
0 0.515000 0.747500 0.020000 0.021000
0 0.488500 0.719000 0.015000 0.016000
0 0.467000 0.748000 0.014000 0.014000
0 0.474000 0.765000 0.012000 0.012000
0 0.479000 0.768000 0.012000 0.012000
0 0.416000 0.719000 0.014000 0.014000
0 0.431000 0.713500 0.016000 0.015000
0 0.645000 0.548000 0.014000 0.014000
0 0.649000 0.553000 0.012000 0.010000
0 0.645000 0.606000 0.014000 0.014000
0 0.620000 0.717500 0.012000 0.011000
0 0.643000 0.767000 0.024000 0.026000
0 0.610000 0.755000 0.024000 0.026000
0 0.590000 0.737000 0.030000 0.028000
0 0.597500 0.708500 0.013000 0.013000
0 0.599000 0.695500 0.022000 0.023000
0 0.620500 0.687000 0.021000 0.024000
0 0.638000 0.684500 0.022000 0.025000
0 0.629000 0.669000 0.012000 0.012000
0 0.446500 0.251500 0.015000 0.015000
0 0.444000 0.268000 0.026000 0.026000
0 0.447000 0.309000 0.012000 0.012000
0 0.442500 0.320500 0.025000 0.025000
0 0.717000 0.343500 0.010000 0.011000
0 0.727500 0.344000 0.011000 0.012000
0 0.724000 0.350000 0.012000 0.012000
0 0.783000 0.101500 0.016000 0.015000
0 0.884000 0.832000 0.030000 0.030000
0 0.536000 0.717500 0.028000 0.029000
0 0.099000 0.208000 0.018000 0.016000
0 0.070000 0.249000 0.016000 0.016000
