0 0.477500 0.929500 0.015000 0.015000
0 0.462500 0.896500 0.015000 0.015000
0 0.426500 0.864000 0.029000 0.030000
0 0.403500 0.848000 0.017000 0.016000
0 0.351000 0.887500 0.016000 0.017000
0 0.380000 0.652500 0.014000 0.015000
0 0.389000 0.670000 0.014000 0.016000
0 0.439500 0.638500 0.011000 0.011000
0 0.445000 0.638000 0.022000 0.022000
0 0.440000 0.659000 0.012000 0.012000
0 0.453000 0.660000 0.014000 0.014000
0 0.444500 0.685500 0.013000 0.013000
0 0.426000 0.696000 0.024000 0.024000
0 0.443500 0.695500 0.023000 0.023000
0 0.466000 0.711500 0.022000 0.023000
0 0.491500 0.683000 0.013000 0.014000
0 0.488000 0.642000 0.012000 0.012000
0 0.494500 0.656000 0.013000 0.012000
0 0.430000 0.578000 0.020000 0.020000
0 0.388000 0.542000 0.012000 0.012000
0 0.420000 0.529500 0.010000 0.011000
0 0.417000 0.538500 0.022000 0.021000
0 0.434500 0.551000 0.021000 0.022000
0 0.482000 0.517000 0.014000 0.014000
0 0.458000 0.502500 0.012000 0.013000
0 0.356000 0.519000 0.012000 0.012000
0 0.368500 0.537000 0.021000 0.022000
0 0.367000 0.558000 0.010000 0.010000
0 0.359000 0.556000 0.022000 0.022000
0 0.358000 0.570500 0.010000 0.011000
0 0.331500 0.585500 0.011000 0.011000
0 0.340000 0.588000 0.012000 0.010000
0 0.335000 0.602500 0.012000 0.013000
0 0.347000 0.621500 0.014000 0.011000
0 0.329500 0.548500 0.011000 0.013000
0 0.337000 0.526500 0.024000 0.023000
0 0.339500 0.574500 0.019000 0.023000
0 0.353000 0.576500 0.022000 0.023000
0 0.382000 0.591000 0.012000 0.012000
0 0.392000 0.598000 0.018000 0.018000
0 0.397000 0.586000 0.020000 0.022000
0 0.406500 0.570500 0.021000 0.021000
0 0.409500 0.584500 0.011000 0.011000
0 0.325500 0.631000 0.013000 0.012000
0 0.339000 0.636000 0.014000 0.014000
0 0.336500 0.655500 0.015000 0.013000
0 0.288000 0.594500 0.012000 0.011000
0 0.304500 0.561500 0.021000 0.023000
0 0.271500 0.597000 0.011000 0.010000
0 0.274000 0.610000 0.010000 0.012000
0 0.291500 0.610000 0.023000 0.022000
0 0.299500 0.631000 0.021000 0.022000
0 0.260500 0.633000 0.023000 0.022000
0 0.261500 0.644000 0.011000 0.012000
0 0.279000 0.651000 0.022000 0.024000
0 0.285000 0.664500 0.012000 0.011000
0 0.248500 0.674500 0.013000 0.011000
0 0.246000 0.689500 0.024000 0.023000
0 0.252500 0.695500 0.017000 0.017000
0 0.225500 0.730500 0.025000 0.025000
0 0.236500 0.732500 0.011000 0.011000
0 0.252500 0.746000 0.013000 0.014000
0 0.255500 0.729500 0.025000 0.025000
0 0.258000 0.759500 0.012000 0.011000
0 0.255000 0.771500 0.024000 0.023000
0 0.232000 0.797500 0.012000 0.013000
0 0.270500 0.803500 0.015000 0.015000
0 0.267500 0.835000 0.015000 0.014000
0 0.305500 0.861500 0.013000 0.013000
0 0.240000 0.860000 0.012000 0.012000
0 0.245000 0.841500 0.024000 0.025000
0 0.220500 0.843500 0.025000 0.027000
0 0.193500 0.829000 0.023000 0.026000
0 0.197500 0.795500 0.027000 0.027000
0 0.083000 0.536000 0.016000 0.016000
0 0.094500 0.554500 0.015000 0.017000
0 0.128000 0.598500 0.016000 0.017000
0 0.161000 0.534500 0.014000 0.013000
0 0.154500 0.518500 0.015000 0.015000
0 0.220500 0.533500 0.017000 0.015000
0 0.225000 0.503000 0.016000 0.016000
0 0.196000 0.502500 0.024000 0.025000
0 0.163000 0.501500 0.026000 0.027000
0 0.156000 0.666500 0.014000 0.013000
0 0.163000 0.679000 0.026000 0.026000
0 0.168500 0.714000 0.027000 0.030000
0 0.251500 0.576000 0.011000 0.010000
0 0.252500 0.581500 0.011000 0.011000
0 0.269000 0.544000 0.022000 0.022000
0 0.275000 0.549000 0.022000 0.024000
0 0.235000 0.593500 0.028000 0.031000
0 0.315500 0.479000 0.011000 0.012000
0 0.307000 0.470500 0.012000 0.013000
0 0.322000 0.463000 0.012000 0.012000
0 0.320500 0.430000 0.011000 0.012000
0 0.325500 0.440000 0.023000 0.024000
0 0.325000 0.447500 0.024000 0.025000
0 0.304000 0.393500 0.014000 0.013000
0 0.303500 0.427500 0.011000 0.013000
0 0.359000 0.357500 0.012000 0.013000
0 0.271500 0.426500 0.025000 0.025000
0 0.259000 0.448000 0.012000 0.014000
0 0.248500 0.405500 0.013000 0.013000
0 0.244000 0.360000 0.014000 0.012000
0 0.241500 0.385000 0.027000 0.026000
0 0.227500 0.415000 0.025000 0.028000
0 0.198500 0.420000 0.013000 0.014000
0 0.205000 0.441500 0.016000 0.015000
0 0.199500 0.473500 0.013000 0.013000
0 0.178500 0.460500 0.013000 0.015000
0 0.143000 0.413500 0.014000 0.015000
0 0.129500 0.469500 0.015000 0.017000
0 0.085000 0.381000 0.026000 0.026000
0 0.101500 0.350000 0.025000 0.026000
0 0.113000 0.326000 0.028000 0.026000
0 0.161000 0.334000 0.026000 0.028000
0 0.188500 0.336500 0.011000 0.013000
0 0.194500 0.334000 0.013000 0.014000
0 0.213000 0.336500 0.024000 0.023000
0 0.261000 0.344500 0.012000 0.011000
0 0.277500 0.336000 0.011000 0.012000
0 0.289500 0.332500 0.015000 0.013000
0 0.258500 0.308000 0.013000 0.012000
0 0.261500 0.330500 0.027000 0.027000
0 0.226500 0.313500 0.021000 0.023000
0 0.236000 0.290000 0.024000 0.024000
0 0.185500 0.289000 0.027000 0.028000
0 0.182000 0.228000 0.028000 0.030000
0 0.211500 0.229000 0.027000 0.030000
0 0.221500 0.203500 0.015000 0.015000
0 0.242500 0.215000 0.017000 0.016000
0 0.187000 0.224000 0.018000 0.018000
0 0.308000 0.219500 0.014000 0.013000
0 0.308000 0.233000 0.012000 0.012000
0 0.376000 0.252500 0.014000 0.013000
0 0.377500 0.266500 0.013000 0.015000
0 0.409500 0.286500 0.023000 0.025000
0 0.410000 0.306500 0.014000 0.015000
0 0.419000 0.331500 0.014000 0.013000
0 0.373000 0.316000 0.026000 0.026000
0 0.347000 0.289000 0.024000 0.024000
0 0.451000 0.225500 0.014000 0.013000
0 0.477500 0.240000 0.013000 0.014000
0 0.453500 0.285500 0.013000 0.013000
0 0.463500 0.278000 0.023000 0.024000
0 0.485500 0.305500 0.023000 0.025000
0 0.464000 0.342500 0.014000 0.015000
0 0.492000 0.342000 0.024000 0.024000
0 0.442000 0.370500 0.024000 0.027000
0 0.424500 0.411000 0.025000 0.024000
0 0.460500 0.416500 0.023000 0.025000
0 0.498000 0.415000 0.012000 0.012000
0 0.550500 0.417500 0.015000 0.013000
0 0.498500 0.485500 0.015000 0.015000
0 0.517500 0.491000 0.015000 0.014000
0 0.487000 0.451500 0.014000 0.013000
0 0.502000 0.440500 0.014000 0.015000
0 0.477000 0.432000 0.012000 0.012000
0 0.491000 0.430500 0.022000 0.025000
0 0.544500 0.521000 0.013000 0.014000
0 0.531000 0.516500 0.024000 0.027000
0 0.568500 0.558500 0.015000 0.015000
0 0.575500 0.599000 0.015000 0.014000
0 0.544500 0.618500 0.013000 0.013000
0 0.508500 0.571000 0.013000 0.014000
0 0.481000 0.595500 0.012000 0.011000
0 0.489500 0.591000 0.025000 0.026000
0 0.494500 0.603000 0.021000 0.022000
0 0.633500 0.369000 0.015000 0.016000
0 0.679500 0.336000 0.013000 0.014000
0 0.655500 0.413500 0.015000 0.015000
0 0.674500 0.428500 0.013000 0.013000
0 0.665500 0.441500 0.013000 0.013000
0 0.683500 0.480500 0.017000 0.017000
0 0.639500 0.465000 0.011000 0.012000
0 0.619000 0.461000 0.024000 0.026000
0 0.628000 0.484500 0.012000 0.011000
0 0.636500 0.488500 0.023000 0.023000
0 0.627500 0.508000 0.025000 0.024000
0 0.629500 0.538000 0.015000 0.014000
0 0.591000 0.503000 0.014000 0.014000
0 0.580500 0.432000 0.015000 0.014000
0 0.603500 0.416000 0.015000 0.014000
0 0.746500 0.366500 0.013000 0.013000
0 0.732500 0.363000 0.023000 0.026000
0 0.748000 0.420500 0.014000 0.015000
0 0.757000 0.455500 0.014000 0.015000
0 0.942500 0.442000 0.015000 0.016000
0 0.943500 0.459500 0.015000 0.017000
0 0.956500 0.494500 0.013000 0.013000
0 0.964500 0.498500 0.027000 0.029000
0 0.892000 0.533500 0.014000 0.013000
0 0.907000 0.519000 0.012000 0.012000
0 0.912500 0.513500 0.013000 0.013000
0 0.916000 0.552500 0.022000 0.023000
0 0.931500 0.555500 0.023000 0.027000
0 0.885500 0.595500 0.013000 0.013000
0 0.831000 0.564500 0.012000 0.013000
0 0.855000 0.560500 0.012000 0.011000
0 0.859500 0.552500 0.013000 0.013000
0 0.868000 0.566000 0.024000 0.026000
0 0.920500 0.378500 0.015000 0.015000
0 0.880000 0.360000 0.012000 0.012000
0 0.886500 0.366500 0.013000 0.013000
0 0.900500 0.383500 0.023000 0.023000
0 0.917500 0.340500 0.025000 0.027000
0 0.905500 0.312500 0.031000 0.029000
0 0.871000 0.311000 0.014000 0.014000
0 0.846000 0.335500 0.026000 0.027000
0 0.822500 0.350500 0.015000 0.015000
0 0.831500 0.384000 0.023000 0.024000
0 0.842500 0.402500 0.013000 0.013000
0 0.859000 0.396500 0.022000 0.023000
0 0.868000 0.403500 0.022000 0.023000
0 0.839000 0.447500 0.014000 0.013000
0 0.853500 0.394500 0.011000 0.011000
0 0.813000 0.425000 0.024000 0.026000
0 0.784500 0.443500 0.023000 0.025000
0 0.884000 0.223000 0.014000 0.016000
0 0.864500 0.265000 0.015000 0.016000
0 0.851000 0.240500 0.028000 0.029000
0 0.809500 0.224000 0.023000 0.024000
0 0.790500 0.215000 0.015000 0.016000
0 0.837500 0.195500 0.013000 0.013000
0 0.835000 0.209500 0.022000 0.023000
0 0.845500 0.203500 0.025000 0.025000
0 0.762500 0.180500 0.015000 0.013000
0 0.609500 0.123000 0.025000 0.026000
0 0.580500 0.137000 0.013000 0.012000
0 0.547500 0.138000 0.013000 0.012000
0 0.545500 0.150000 0.013000 0.012000
0 0.538000 0.153000 0.012000 0.012000
0 0.585000 0.206000 0.012000 0.012000
0 0.589000 0.224500 0.024000 0.025000
0 0.660500 0.249500 0.023000 0.025000
0 0.647500 0.264000 0.013000 0.012000
0 0.660500 0.298000 0.025000 0.026000
0 0.656500 0.321000 0.015000 0.014000
0 0.571000 0.299000 0.024000 0.026000
0 0.554500 0.274500 0.013000 0.011000
0 0.556000 0.264500 0.024000 0.025000
0 0.544000 0.240500 0.012000 0.013000
0 0.528000 0.221500 0.014000 0.015000
0 0.527000 0.253500 0.012000 0.011000
0 0.539500 0.286500 0.021000 0.021000
0 0.541000 0.296500 0.022000 0.023000
0 0.721500 0.194500 0.015000 0.015000
0 0.700500 0.233000 0.023000 0.024000
0 0.694500 0.243000 0.023000 0.024000
0 0.671000 0.071000 0.016000 0.016000
0 0.683500 0.095000 0.013000 0.012000
0 0.691500 0.106000 0.013000 0.014000
0 0.691500 0.126500 0.013000 0.013000
0 0.703000 0.114500 0.012000 0.013000
0 0.711000 0.115500 0.014000 0.015000
0 0.722000 0.130000 0.026000 0.028000
0 0.499500 0.058500 0.015000 0.015000
0 0.545000 0.045500 0.024000 0.027000
0 0.494000 0.185500 0.030000 0.029000
0 0.507500 0.244000 0.027000 0.028000
0 0.432000 0.102500 0.014000 0.015000
0 0.438500 0.129000 0.013000 0.012000
0 0.417500 0.151000 0.013000 0.012000
0 0.414000 0.164500 0.014000 0.015000
0 0.397500 0.131500 0.023000 0.025000
0 0.404000 0.098500 0.024000 0.025000
0 0.743000 0.090000 0.016000 0.014000
0 0.800500 0.124500 0.017000 0.017000
0 0.333000 0.105000 0.014000 0.014000
0 0.366500 0.102500 0.027000 0.027000
0 0.348500 0.148000 0.027000 0.030000
0 0.327000 0.126000 0.014000 0.016000
0 0.367000 0.181000 0.014000 0.016000
0 0.773500 0.555000 0.017000 0.016000
0 0.735000 0.612500 0.026000 0.027000
0 0.659500 0.572000 0.025000 0.028000
0 0.649500 0.628500 0.025000 0.025000
0 0.712500 0.643000 0.015000 0.014000
0 0.726000 0.671000 0.014000 0.014000
0 0.736500 0.714000 0.023000 0.026000
0 0.721000 0.763500 0.014000 0.015000
0 0.722500 0.791000 0.015000 0.014000
0 0.699500 0.754000 0.015000 0.014000
0 0.691500 0.800500 0.025000 0.025000
0 0.682500 0.827000 0.013000 0.012000
0 0.695500 0.882000 0.013000 0.014000
0 0.645000 0.911000 0.012000 0.012000
0 0.610000 0.911500 0.032000 0.027000
0 0.716500 0.839500 0.013000 0.013000
0 0.726000 0.847000 0.012000 0.012000
0 0.738000 0.841500 0.022000 0.025000
0 0.707500 0.861500 0.021000 0.019000
0 0.725000 0.863500 0.024000 0.025000
0 0.859000 0.695000 0.014000 0.014000
0 0.855000 0.741500 0.024000 0.025000
0 0.869500 0.742000 0.023000 0.024000
0 0.871500 0.757500 0.023000 0.023000
0 0.854500 0.782500 0.011000 0.011000
0 0.838500 0.785000 0.013000 0.014000
0 0.793000 0.801000 0.012000 0.012000
0 0.816000 0.824500 0.030000 0.029000
0 0.891000 0.659000 0.030000 0.030000
0 0.663500 0.664500 0.023000 0.023000
0 0.672500 0.661000 0.023000 0.022000
0 0.679000 0.689500 0.024000 0.025000
0 0.637500 0.710500 0.013000 0.013000
0 0.636500 0.659000 0.013000 0.014000
0 0.601000 0.712500 0.026000 0.027000
0 0.563500 0.807500 0.015000 0.015000
0 0.539500 0.886000 0.027000 0.030000
0 0.911500 0.707500 0.031000 0.031000
0 0.371000 0.378000 0.014000 0.016000
0 0.401500 0.450000 0.023000 0.024000
0 0.402500 0.461500 0.011000 0.013000
0 0.420500 0.460500 0.013000 0.013000
0 0.424000 0.483500 0.024000 0.025000
