0 0.619000 0.679500 0.016000 0.017000
0 0.605500 0.675000 0.017000 0.018000
0 0.578500 0.668000 0.017000 0.016000
0 0.576000 0.717000 0.016000 0.016000
0 0.620500 0.719500 0.017000 0.017000
0 0.593500 0.748500 0.029000 0.029000
0 0.624500 0.757000 0.015000 0.014000
0 0.635000 0.754000 0.014000 0.014000
0 0.657000 0.722000 0.014000 0.016000
0 0.677000 0.703500 0.016000 0.017000
0 0.697000 0.706500 0.016000 0.017000
0 0.708000 0.721500 0.014000 0.015000
0 0.707000 0.736000 0.026000 0.026000
0 0.713500 0.757000 0.015000 0.014000
0 0.767000 0.753000 0.016000 0.014000
0 0.762000 0.812500 0.016000 0.017000
0 0.742500 0.814500 0.015000 0.015000
0 0.738500 0.830500 0.015000 0.015000
0 0.739500 0.780000 0.027000 0.028000
0 0.687500 0.844500 0.027000 0.027000
0 0.733000 0.883000 0.014000 0.014000
0 0.748000 0.870500 0.026000 0.027000
0 0.681500 0.904000 0.027000 0.026000
0 0.708500 0.925000 0.021000 0.022000
0 0.642000 0.879000 0.022000 0.024000
0 0.643000 0.911000 0.014000 0.014000
0 0.742000 0.910000 0.012000 0.012000
0 0.751000 0.914000 0.012000 0.012000
0 0.763000 0.895000 0.014000 0.014000
0 0.754000 0.902000 0.020000 0.022000
0 0.666000 0.954500 0.020000 0.021000
0 0.652000 0.962500 0.020000 0.021000
0 0.631000 0.965500 0.024000 0.025000
0 0.600500 0.978500 0.025000 0.025000
0 0.586000 0.952000 0.014000 0.014000
0 0.548000 0.863000 0.014000 0.014000
0 0.542000 0.741500 0.012000 0.013000
0 0.549000 0.755000 0.014000 0.014000
0 0.556500 0.769000 0.015000 0.014000
0 0.586500 0.801000 0.015000 0.014000
0 0.612500 0.803000 0.013000 0.012000
0 0.628000 0.806000 0.024000 0.026000
0 0.597500 0.818500 0.013000 0.013000
0 0.609000 0.823500 0.014000 0.015000
0 0.598000 0.837000 0.024000 0.024000
0 0.651000 0.869000 0.014000 0.014000
0 0.526000 0.826000 0.012000 0.014000
0 0.543000 0.832000 0.024000 0.026000
0 0.554000 0.814500 0.024000 0.027000
0 0.508000 0.792000 0.026000 0.026000
0 0.516000 0.729000 0.014000 0.016000
0 0.491500 0.807500 0.017000 0.019000
0 0.464000 0.801000 0.014000 0.014000
0 0.455000 0.815500 0.014000 0.015000
0 0.504500 0.854500 0.027000 0.025000
0 0.364500 0.729000 0.015000 0.016000
0 0.333000 0.756000 0.016000 0.014000
0 0.345000 0.784000 0.014000 0.014000
0 0.387500 0.803500 0.015000 0.015000
0 0.367500 0.812000 0.025000 0.024000
0 0.383500 0.868000 0.017000 0.016000
0 0.361000 0.832000 0.014000 0.014000
0 0.345000 0.807000 0.014000 0.014000
0 0.335500 0.832500 0.013000 0.013000
0 0.332000 0.821500 0.024000 0.027000
0 0.302000 0.819500 0.014000 0.015000
0 0.288000 0.818500 0.028000 0.027000
0 0.270500 0.792000 0.015000 0.014000
0 0.223000 0.815500 0.014000 0.015000
0 0.229500 0.826000 0.013000 0.014000
0 0.226000 0.757000 0.024000 0.028000
0 0.309500 0.736000 0.027000 0.028000
0 0.272500 0.861000 0.013000 0.012000
0 0.272500 0.875000 0.029000 0.026000
0 0.214500 0.897000 0.015000 0.016000
0 0.331500 0.602000 0.017000 0.016000
0 0.198000 0.704500 0.014000 0.013000
0 0.198000 0.638000 0.012000 0.012000
0 0.212500 0.630000 0.025000 0.022000
0 0.216000 0.643000 0.022000 0.020000
0 0.227000 0.611000 0.014000 0.014000
0 0.260500 0.616500 0.015000 0.015000
0 0.234500 0.603000 0.013000 0.012000
0 0.248000 0.608500 0.024000 0.023000
0 0.265000 0.595500 0.026000 0.025000
0 0.355500 0.657000 0.015000 0.014000
0 0.661000 0.637000 0.024000 0.026000
0 0.679500 0.632000 0.025000 0.026000
0 0.711000 0.613500 0.016000 0.017000
0 0.763000 0.621000 0.016000 0.018000
0 0.770000 0.656000 0.024000 0.028000
0 0.813500 0.640000 0.015000 0.016000
0 0.797000 0.636000 0.026000 0.024000
0 0.824000 0.719000 0.026000 0.028000
0 0.861500 0.622000 0.015000 0.014000
0 0.863000 0.639000 0.014000 0.014000
0 0.867000 0.655000 0.026000 0.026000
0 0.931500 0.683500 0.013000 0.013000
0 0.932500 0.695500 0.021000 0.023000
0 0.924000 0.714500 0.020000 0.021000
0 0.879000 0.756000 0.012000 0.012000
0 0.890000 0.756000 0.012000 0.012000
0 0.883000 0.765000 0.012000 0.012000
0 0.855500 0.791000 0.015000 0.014000
0 0.804000 0.761000 0.024000 0.026000
0 0.816500 0.768000 0.015000 0.014000
0 0.819500 0.782000 0.011000 0.012000
0 0.830000 0.787000 0.014000 0.012000
0 0.828500 0.805500 0.023000 0.023000
0 0.865000 0.817500 0.026000 0.027000
0 0.811500 0.851500 0.011000 0.011000
0 0.811000 0.862000 0.022000 0.022000
0 0.825000 0.836000 0.020000 0.022000
0 0.844000 0.841000 0.022000 0.022000
0 0.828500 0.855000 0.023000 0.022000
0 0.904000 0.742000 0.020000 0.022000
0 0.909000 0.730000 0.024000 0.024000
0 0.937500 0.642000 0.025000 0.024000
0 0.934500 0.663000 0.025000 0.024000
0 0.886000 0.598000 0.012000 0.012000
0 0.890000 0.609000 0.012000 0.012000
0 0.891000 0.621500 0.016000 0.015000
0 0.914000 0.595000 0.024000 0.024000
0 0.910000 0.548000 0.026000 0.028000
0 0.954000 0.499500 0.014000 0.013000
0 0.958500 0.524000 0.013000 0.012000
0 0.936000 0.524000 0.014000 0.014000
0 0.957000 0.564500 0.022000 0.023000
0 0.948000 0.595500 0.020000 0.021000
0 0.962000 0.627000 0.020000 0.018000
0 0.957000 0.612000 0.020000 0.022000
0 0.963000 0.595500 0.022000 0.023000
0 0.949500 0.467000 0.013000 0.012000
0 0.967500 0.489000 0.023000 0.024000
0 0.939500 0.437000 0.011000 0.012000
0 0.950000 0.438000 0.014000 0.014000
0 0.953500 0.455000 0.025000 0.026000
0 0.947000 0.414500 0.022000 0.025000
0 0.854500 0.425000 0.015000 0.014000
0 0.834500 0.462500 0.025000 0.027000
0 0.826000 0.495500 0.014000 0.013000
0 0.812500 0.513000 0.025000 0.024000
0 0.811500 0.433000 0.025000 0.026000
0 0.812500 0.476500 0.013000 0.013000
0 0.807000 0.468500 0.012000 0.013000
0 0.839500 0.381000 0.015000 0.014000
0 0.904000 0.392000 0.022000 0.022000
0 0.943500 0.389000 0.023000 0.024000
0 0.905000 0.324500 0.012000 0.011000
0 0.925500 0.327500 0.023000 0.025000
0 0.923000 0.378500 0.024000 0.025000
0 0.888000 0.300000 0.014000 0.014000
0 0.828000 0.307500 0.014000 0.015000
0 0.858000 0.330500 0.026000 0.025000
0 0.869000 0.351000 0.012000 0.012000
0 0.879000 0.351000 0.014000 0.014000
0 0.866000 0.368000 0.014000 0.014000
0 0.883000 0.377000 0.022000 0.024000
0 0.828000 0.354000 0.014000 0.014000
0 0.800000 0.359000 0.014000 0.014000
0 0.785000 0.416500 0.026000 0.029000
0 0.758000 0.432500 0.014000 0.015000
0 0.739000 0.445000 0.014000 0.014000
0 0.745500 0.416000 0.013000 0.014000
0 0.729500 0.419000 0.025000 0.024000
0 0.722000 0.564500 0.018000 0.017000
0 0.782000 0.585500 0.016000 0.017000
0 0.797000 0.577000 0.012000 0.012000
0 0.790000 0.566500 0.012000 0.015000
0 0.799000 0.563500 0.016000 0.015000
0 0.766000 0.477500 0.014000 0.015000
0 0.785000 0.458000 0.010000 0.012000
0 0.793000 0.458000 0.014000 0.016000
0 0.736500 0.478000 0.015000 0.014000
0 0.723500 0.481000 0.013000 0.014000
0 0.702000 0.446000 0.024000 0.026000
0 0.681000 0.464500 0.014000 0.015000
0 0.705500 0.385500 0.015000 0.015000
0 0.700500 0.415500 0.015000 0.015000
0 0.662000 0.421000 0.022000 0.024000
0 0.604000 0.478000 0.014000 0.014000
0 0.609000 0.506500 0.014000 0.015000
0 0.634000 0.449500 0.022000 0.023000
0 0.639000 0.419000 0.026000 0.026000
0 0.566500 0.374500 0.013000 0.013000
0 0.589500 0.430500 0.013000 0.013000
0 0.599500 0.448000 0.027000 0.026000
0 0.556500 0.406000 0.021000 0.022000
0 0.569500 0.427500 0.023000 0.023000
0 0.552500 0.441000 0.023000 0.024000
0 0.531000 0.418000 0.016000 0.016000
0 0.474500 0.446000 0.025000 0.024000
0 0.493500 0.423500 0.023000 0.025000
0 0.478500 0.534000 0.013000 0.012000
0 0.439500 0.471500 0.013000 0.013000
0 0.438500 0.487000 0.013000 0.012000
0 0.450000 0.498000 0.024000 0.024000
0 0.440000 0.539000 0.024000 0.024000
0 0.409500 0.487500 0.023000 0.023000
0 0.376500 0.435000 0.013000 0.012000
0 0.398500 0.433500 0.019000 0.019000
0 0.399000 0.447500 0.020000 0.021000
0 0.389000 0.384500 0.014000 0.013000
0 0.460500 0.383000 0.023000 0.022000
0 0.170500 0.497500 0.017000 0.017000
0 0.178500 0.537000 0.017000 0.016000
0 0.143500 0.544000 0.017000 0.016000
0 0.163000 0.563500 0.026000 0.027000
0 0.218500 0.520500 0.015000 0.015000
0 0.225500 0.530000 0.013000 0.014000
0 0.268500 0.501500 0.017000 0.017000
0 0.271500 0.525500 0.015000 0.015000
0 0.292000 0.536000 0.014000 0.014000
0 0.289500 0.568000 0.013000 0.014000
0 0.302000 0.568500 0.016000 0.015000
0 0.149000 0.846000 0.014000 0.016000
0 0.069500 0.744000 0.017000 0.016000
0 0.045500 0.696500 0.013000 0.013000
0 0.084000 0.673000 0.016000 0.016000
0 0.139000 0.707000 0.028000 0.028000
0 0.093500 0.710000 0.027000 0.028000
0 0.092500 0.733500 0.015000 0.015000
0 0.084500 0.551500 0.029000 0.031000
0 0.026500 0.593500 0.027000 0.029000
0 0.168500 0.349500 0.015000 0.017000
0 0.187000 0.411000 0.016000 0.016000
0 0.190000 0.433000 0.012000 0.012000
0 0.186000 0.444500 0.024000 0.025000
0 0.129000 0.406000 0.016000 0.016000
0 0.021500 0.397500 0.015000 0.015000
0 0.103500 0.313500 0.027000 0.029000
0 0.162000 0.319500 0.012000 0.013000
0 0.167000 0.322000 0.012000 0.012000
0 0.172500 0.270500 0.013000 0.013000
0 0.098500 0.264000 0.013000 0.014000
0 0.134500 0.256000 0.013000 0.012000
0 0.133000 0.237500 0.026000 0.025000
0 0.152500 0.224500 0.011000 0.011000
0 0.160500 0.236000 0.025000 0.024000
0 0.220500 0.334500 0.011000 0.011000
0 0.223500 0.346000 0.025000 0.024000
0 0.271500 0.325000 0.013000 0.012000
0 0.277000 0.337500 0.026000 0.025000
0 0.270000 0.300000 0.014000 0.014000
0 0.234500 0.321000 0.013000 0.014000
0 0.228000 0.298000 0.014000 0.014000
0 0.206500 0.278500 0.015000 0.015000
0 0.228000 0.237000 0.012000 0.012000
0 0.216000 0.244500 0.024000 0.023000
0 0.264000 0.227500 0.012000 0.013000
0 0.318000 0.197000 0.016000 0.016000
0 0.269500 0.202500 0.013000 0.013000
0 0.247000 0.210500 0.014000 0.013000
0 0.230000 0.191500 0.014000 0.013000
0 0.214500 0.208500 0.013000 0.013000
0 0.348500 0.282000 0.013000 0.016000
0 0.343500 0.302000 0.015000 0.014000
0 0.339500 0.345000 0.015000 0.014000
0 0.274500 0.380500 0.015000 0.015000
0 0.264500 0.417500 0.015000 0.015000
0 0.340500 0.419000 0.013000 0.012000
0 0.309500 0.452500 0.013000 0.013000
0 0.282000 0.444000 0.014000 0.014000
0 0.248500 0.442000 0.015000 0.016000
0 0.222000 0.460500 0.024000 0.025000
0 0.346000 0.486500 0.014000 0.013000
0 0.332000 0.502000 0.024000 0.024000
0 0.346500 0.527500 0.017000 0.017000
0 0.395500 0.150500 0.027000 0.029000
0 0.450500 0.155000 0.013000 0.014000
0 0.435500 0.157000 0.025000 0.024000
0 0.402000 0.198000 0.014000 0.016000
0 0.391500 0.248000 0.015000 0.016000
0 0.358500 0.168500 0.013000 0.013000
0 0.408000 0.113000 0.026000 0.026000
0 0.369500 0.087000 0.015000 0.014000
0 0.308000 0.113000 0.024000 0.026000
0 0.201000 0.140500 0.024000 0.025000
0 0.236000 0.158500 0.014000 0.015000
0 0.266500 0.163000 0.015000 0.016000
0 0.265000 0.124500 0.026000 0.027000
0 0.276500 0.104000 0.015000 0.014000
0 0.517500 0.123000 0.013000 0.012000
0 0.513000 0.140000 0.030000 0.028000
0 0.566000 0.124500 0.026000 0.027000
0 0.602000 0.172500 0.014000 0.015000
0 0.616500 0.169000 0.015000 0.016000
0 0.526500 0.196500 0.013000 0.015000
0 0.507000 0.197000 0.012000 0.012000
0 0.514000 0.198000 0.012000 0.012000
0 0.549500 0.217500 0.023000 0.025000
0 0.594000 0.241500 0.012000 0.011000
0 0.596000 0.230500 0.026000 0.027000
0 0.625000 0.246500 0.014000 0.013000
0 0.572500 0.250000 0.013000 0.014000
0 0.576000 0.263500 0.012000 0.011000
0 0.587500 0.277000 0.013000 0.014000
0 0.621500 0.285000 0.015000 0.014000
0 0.588500 0.308000 0.015000 0.014000
0 0.569000 0.286500 0.014000 0.013000
0 0.486500 0.268500 0.011000 0.011000
0 0.497000 0.243500 0.012000 0.011000
0 0.489500 0.253500 0.023000 0.025000
0 0.516000 0.243500 0.026000 0.029000
0 0.510000 0.270500 0.022000 0.021000
0 0.523500 0.298500 0.013000 0.013000
0 0.504500 0.284500 0.011000 0.011000
0 0.511500 0.291500 0.011000 0.011000
0 0.493500 0.321000 0.013000 0.012000
0 0.515500 0.343500 0.015000 0.013000
0 0.444000 0.300500 0.012000 0.013000
0 0.448000 0.311500 0.014000 0.013000
0 0.450500 0.349000 0.025000 0.024000
0 0.502000 0.357000 0.022000 0.022000
0 0.505000 0.374000 0.022000 0.022000
0 0.532500 0.361000 0.021000 0.022000
0 0.539500 0.340000 0.021000 0.020000
0 0.549500 0.351500 0.023000 0.025000
0 0.602500 0.339000 0.015000 0.018000
0 0.634500 0.351000 0.015000 0.014000
0 0.647500 0.306500 0.015000 0.015000
0 0.688000 0.329500 0.014000 0.015000
0 0.720000 0.329000 0.012000 0.014000
0 0.712000 0.337500 0.026000 0.025000
0 0.666000 0.364500 0.012000 0.013000
0 0.682000 0.357000 0.026000 0.024000
0 0.463500 0.063000 0.025000 0.026000
0 0.352000 0.073000 0.024000 0.022000
0 0.640000 0.166500 0.026000 0.027000
0 0.721000 0.099500 0.014000 0.015000
0 0.738500 0.200500 0.015000 0.015000
0 0.673500 0.231500 0.027000 0.027000
0 0.648500 0.259000 0.015000 0.014000
0 0.684000 0.264000 0.014000 0.016000
0 0.708500 0.248000 0.013000 0.012000
0 0.719500 0.268000 0.017000 0.018000
0 0.698000 0.278000 0.024000 0.024000
0 0.695000 0.292500 0.014000 0.013000
0 0.860000 0.243500 0.012000 0.013000
0 0.881500 0.265500 0.013000 0.013000
0 0.887000 0.243000 0.024000 0.026000
0 0.819000 0.230000 0.014000 0.014000
0 0.830000 0.249000 0.024000 0.024000
0 0.834000 0.272000 0.024000 0.024000
0 0.820500 0.210000 0.023000 0.024000
0 0.783500 0.179000 0.025000 0.024000
0 0.757000 0.177000 0.014000 0.014000
0 0.755000 0.198000 0.014000 0.014000
0 0.746000 0.241000 0.012000 0.012000
0 0.787500 0.262000 0.011000 0.012000
0 0.794500 0.262500 0.013000 0.015000
0 0.778500 0.275500 0.021000 0.023000
0 0.776000 0.300000 0.012000 0.012000
0 0.769000 0.312500 0.014000 0.013000
0 0.749500 0.277500 0.025000 0.027000
0 0.916500 0.288500 0.013000 0.013000
0 0.463500 0.758000 0.015000 0.014000
0 0.464500 0.732500 0.025000 0.027000
0 0.438000 0.746000 0.028000 0.026000
0 0.429500 0.722000 0.013000 0.014000
0 0.436500 0.699500 0.013000 0.013000
0 0.446500 0.688000 0.011000 0.012000
0 0.455000 0.689500 0.012000 0.013000
0 0.465500 0.697500 0.013000 0.013000
0 0.469000 0.711000 0.014000 0.014000
0 0.490500 0.648000 0.025000 0.026000
0 0.474000 0.636000 0.014000 0.014000
0 0.461500 0.661000 0.013000 0.014000
0 0.442500 0.664000 0.025000 0.026000
0 0.449500 0.630000 0.015000 0.014000
0 0.427000 0.613000 0.012000 0.012000
0 0.429000 0.604500 0.014000 0.013000
0 0.503000 0.585500 0.016000 0.017000
0 0.438000 0.559500 0.012000 0.011000
0 0.400000 0.575000 0.026000 0.026000
0 0.388500 0.653000 0.013000 0.012000
0 0.370500 0.665500 0.013000 0.013000
0 0.383500 0.667500 0.025000 0.025000
0 0.361000 0.418500 0.022000 0.023000
0 0.401000 0.416000 0.012000 0.012000
0 0.415500 0.406500 0.013000 0.013000
0 0.411000 0.413500 0.020000 0.021000
0 0.359000 0.446500 0.020000 0.021000
0 0.333000 0.439000 0.024000 0.024000
0 0.372000 0.499500 0.024000 0.023000
0 0.372500 0.506500 0.011000 0.011000
0 0.372000 0.529500 0.014000 0.013000
0 0.406000 0.282500 0.012000 0.013000
0 0.395000 0.287000 0.024000 0.024000
0 0.413500 0.336500 0.011000 0.011000
0 0.379000 0.311000 0.014000 0.014000
0 0.391000 0.343000 0.012000 0.012000
0 0.381500 0.336500 0.023000 0.023000
0 0.593500 0.574500 0.015000 0.015000
0 0.593500 0.625000 0.013000 0.012000
0 0.603500 0.633000 0.013000 0.012000
0 0.585000 0.639500 0.014000 0.013000
0 0.565000 0.620500 0.014000 0.015000
0 0.554500 0.647000 0.015000 0.016000
0 0.501000 0.890000 0.016000 0.014000
0 0.530000 0.987500 0.026000 0.025000
0 0.426500 0.904000 0.015000 0.016000
0 0.415000 0.919000 0.026000 0.028000
0 0.386500 0.925000 0.027000 0.028000
