0 0.908000 0.255000 0.048000 0.044000
0 0.908500 0.304500 0.075000 0.059000
0 0.932000 0.353000 0.068000 0.058000
0 0.941500 0.420000 0.071000 0.070000
0 0.917500 0.501500 0.085000 0.095000
0 0.809000 0.477000 0.024000 0.024000
0 0.805500 0.385500 0.021000 0.021000
0 0.722500 0.361500 0.025000 0.025000
0 0.708000 0.447000 0.024000 0.024000
0 0.601000 0.438000 0.024000 0.024000
0 0.476000 0.359000 0.026000 0.026000
0 0.315000 0.142500 0.022000 0.025000
0 0.373500 0.155000 0.023000 0.024000
0 0.507500 0.126000 0.023000 0.024000
0 0.600500 0.179500 0.023000 0.025000
0 0.575000 0.212000 0.024000 0.024000
0 0.501500 0.196000 0.023000 0.024000
0 0.669000 0.158000 0.022000 0.022000
0 0.685500 0.233500 0.021000 0.023000
0 0.677500 0.258000 0.023000 0.024000
0 0.684500 0.299500 0.023000 0.023000
0 0.734000 0.676500 0.024000 0.023000
0 0.528000 0.683000 0.022000 0.024000
0 0.537000 0.765000 0.024000 0.024000
0 0.430000 0.757000 0.024000 0.024000
0 0.120500 0.706500 0.093000 0.085000
0 0.094500 0.612500 0.127000 0.113000
0 0.390500 0.850500 0.023000 0.023000
0 0.379000 0.894000 0.022000 0.024000
0 0.293000 0.875000 0.022000 0.022000
0 0.309500 0.836500 0.019000 0.021000
0 0.329500 0.829500 0.021000 0.021000
0 0.280000 0.827500 0.020000 0.021000
0 0.256000 0.824500 0.020000 0.021000
0 0.238500 0.846000 0.023000 0.022000
0 0.550500 0.885000 0.025000 0.024000
0 0.800000 0.278000 0.022000 0.020000
0 0.797000 0.296000 0.020000 0.020000
0 0.098500 0.674500 0.107000 0.061000
0 0.795000 0.208000 0.022000 0.022000
