0 0.609500 0.495500 0.023000 0.025000
0 0.734000 0.642500 0.096000 0.109000
0 0.713000 0.768000 0.020000 0.022000
0 0.859000 0.764500 0.082000 0.103000
0 0.913000 0.561000 0.094000 0.108000
0 0.868000 0.514000 0.018000 0.018000
0 0.795000 0.469000 0.022000 0.022000
0 0.891500 0.472000 0.107000 0.076000
0 0.881500 0.410500 0.105000 0.069000
0 0.864000 0.390000 0.014000 0.014000
0 0.855000 0.371500 0.016000 0.015000
0 0.852500 0.345500 0.107000 0.093000
0 0.845000 0.194000 0.016000 0.016000
0 0.812500 0.274000 0.017000 0.016000
0 0.850000 0.246500 0.100000 0.087000
0 0.745500 0.311000 0.021000 0.020000
0 0.652500 0.199000 0.021000 0.022000
0 0.659500 0.317500 0.023000 0.023000
0 0.565500 0.302000 0.023000 0.024000
0 0.605000 0.189000 0.022000 0.024000
0 0.305000 0.230500 0.018000 0.017000
0 0.361000 0.311500 0.020000 0.021000
0 0.267000 0.320500 0.020000 0.021000
0 0.237500 0.336500 0.021000 0.021000
0 0.272500 0.249000 0.017000 0.018000
0 0.216000 0.286000 0.020000 0.020000
0 0.205500 0.235000 0.019000 0.018000
0 0.315000 0.186000 0.100000 0.102000
0 0.215500 0.188000 0.091000 0.098000
0 0.143500 0.270000 0.021000 0.020000
0 0.146000 0.424500 0.022000 0.023000
0 0.168500 0.458500 0.023000 0.023000
0 0.143500 0.588500 0.023000 0.023000
0 0.205000 0.748500 0.100000 0.093000
0 0.210000 0.840500 0.088000 0.081000
0 0.279500 0.785000 0.017000 0.018000
0 0.301000 0.799500 0.020000 0.019000
0 0.427000 0.855500 0.020000 0.019000
0 0.490000 0.848500 0.018000 0.019000
0 0.482500 0.908000 0.095000 0.092000
0 0.566000 0.929000 0.078000 0.058000
0 0.594500 0.871000 0.017000 0.016000
0 0.649000 0.835500 0.118000 0.101000
0 0.502000 0.163000 0.024000 0.024000
0 0.388000 0.052000 0.014000 0.014000
0 0.445500 0.074000 0.017000 0.016000
0 0.459000 0.059000 0.066000 0.074000
0 0.409500 0.072000 0.073000 0.074000
0 0.318000 0.071500 0.082000 0.061000
0 0.480000 0.362500 0.026000 0.025000
0 0.297000 0.373500 0.024000 0.025000
