0 0.571500 0.053000 0.073000 0.062000
0 0.548000 0.119000 0.014000 0.016000
0 0.594500 0.147000 0.085000 0.102000
0 0.514000 0.145000 0.094000 0.100000
0 0.535000 0.199000 0.018000 0.018000
0 0.588500 0.272000 0.021000 0.022000
0 0.471500 0.286000 0.021000 0.022000
0 0.504500 0.316500 0.107000 0.097000
0 0.463000 0.430500 0.020000 0.019000
0 0.529000 0.430000 0.104000 0.098000
0 0.619500 0.595000 0.025000 0.024000
0 0.627000 0.837000 0.018000 0.016000
0 0.651000 0.796500 0.092000 0.097000
0 0.727000 0.792000 0.076000 0.090000
0 0.671000 0.920000 0.014000 0.014000
0 0.681000 0.864000 0.016000 0.016000
0 0.639000 0.896000 0.016000 0.016000
0 0.654000 0.910000 0.016000 0.016000
0 0.662000 0.888000 0.096000 0.084000
0 0.786000 0.826500 0.014000 0.015000
0 0.805000 0.740000 0.016000 0.016000
0 0.802000 0.776000 0.014000 0.016000
0 0.822500 0.792500 0.089000 0.073000
0 0.856000 0.756000 0.080000 0.078000
0 0.795000 0.662000 0.014000 0.016000
0 0.789000 0.623000 0.078000 0.098000
0 0.863000 0.630000 0.076000 0.108000
0 0.885000 0.507500 0.020000 0.021000
0 0.852500 0.546000 0.019000 0.018000
0 0.825500 0.534000 0.019000 0.020000
0 0.841500 0.444500 0.021000 0.021000
0 0.864500 0.443000 0.023000 0.024000
0 0.884000 0.273000 0.018000 0.020000
0 0.871500 0.258500 0.019000 0.021000
0 0.670000 0.339000 0.024000 0.024000
0 0.684500 0.273000 0.023000 0.022000
0 0.728500 0.204000 0.021000 0.022000
0 0.689500 0.126500 0.095000 0.097000
0 0.351000 0.200500 0.026000 0.025000
0 0.231500 0.196500 0.021000 0.021000
0 0.184500 0.152500 0.019000 0.019000
0 0.148500 0.226500 0.121000 0.109000
0 0.108000 0.341000 0.020000 0.022000
0 0.148500 0.547000 0.025000 0.022000
0 0.215000 0.640000 0.022000 0.024000
0 0.159500 0.722500 0.021000 0.021000
0 0.190000 0.833500 0.124000 0.119000
0 0.263500 0.867000 0.017000 0.018000
0 0.367500 0.921000 0.021000 0.020000
0 0.285500 0.901000 0.019000 0.020000
0 0.331500 0.931500 0.017000 0.017000
0 0.425000 0.506000 0.024000 0.022000
0 0.393500 0.466500 0.023000 0.023000
0 0.297500 0.619000 0.025000 0.026000
