0 0.654000 0.682000 0.030000 0.032000
0 0.680000 0.685000 0.030000 0.032000
0 0.705000 0.763000 0.030000 0.032000
0 0.681500 0.818500 0.027000 0.027000
0 0.688000 0.814000 0.028000 0.028000
0 0.725500 0.860000 0.031000 0.030000
0 0.689000 0.904000 0.034000 0.034000
0 0.611000 0.837000 0.032000 0.034000
0 0.652500 0.959500 0.037000 0.037000
0 0.529000 0.881500 0.022000 0.021000
0 0.479000 0.909500 0.028000 0.029000
0 0.559000 0.922000 0.030000 0.030000
0 0.575000 0.906500 0.028000 0.029000
0 0.490000 0.749000 0.028000 0.028000
0 0.517500 0.788500 0.029000 0.029000
0 0.461000 0.809000 0.030000 0.030000
0 0.520500 0.713000 0.025000 0.028000
0 0.539000 0.718000 0.026000 0.028000
0 0.383000 0.760000 0.030000 0.030000
0 0.336500 0.773500 0.027000 0.027000
0 0.327000 0.627000 0.024000 0.024000
0 0.369500 0.641000 0.023000 0.022000
0 0.399500 0.650000 0.025000 0.026000
0 0.404500 0.692000 0.023000 0.024000
0 0.376500 0.690000 0.023000 0.024000
0 0.386000 0.710000 0.026000 0.024000
0 0.350000 0.667500 0.024000 0.025000
0 0.365500 0.662500 0.015000 0.015000
0 0.337000 0.595000 0.022000 0.022000
0 0.323500 0.559500 0.025000 0.027000
0 0.369000 0.587500 0.024000 0.027000
0 0.389000 0.590000 0.026000 0.028000
0 0.424000 0.534500 0.032000 0.031000
0 0.225000 0.495000 0.024000 0.026000
0 0.242000 0.520500 0.028000 0.029000
0 0.162000 0.517000 0.030000 0.030000
0 0.276500 0.593000 0.023000 0.024000
0 0.126500 0.576500 0.027000 0.027000
0 0.171000 0.583500 0.026000 0.027000
0 0.162500 0.600000 0.025000 0.026000
0 0.227000 0.600500 0.024000 0.025000
0 0.225000 0.622000 0.024000 0.024000
0 0.219000 0.633500 0.022000 0.021000
0 0.240500 0.636500 0.023000 0.025000
0 0.260000 0.634000 0.024000 0.026000
0 0.106000 0.611000 0.028000 0.028000
0 0.105000 0.506000 0.028000 0.030000
0 0.020000 0.546500 0.022000 0.023000
0 0.016000 0.573500 0.024000 0.025000
0 0.023500 0.602500 0.025000 0.025000
0 0.028000 0.627500 0.028000 0.027000
0 0.052000 0.645500 0.028000 0.029000
0 0.113000 0.801500 0.030000 0.031000
0 0.120500 0.718500 0.025000 0.025000
0 0.127000 0.732500 0.028000 0.029000
0 0.195500 0.769500 0.029000 0.027000
0 0.231000 0.826500 0.032000 0.031000
0 0.852000 0.544000 0.032000 0.032000
0 0.881500 0.614500 0.031000 0.033000
0 0.812500 0.586000 0.031000 0.032000
0 0.777000 0.627000 0.028000 0.028000
0 0.815500 0.643500 0.029000 0.027000
0 0.854000 0.670000 0.028000 0.030000
0 0.864000 0.737000 0.030000 0.034000
0 0.919500 0.743500 0.031000 0.035000
0 0.924500 0.701000 0.035000 0.036000
0 0.812000 0.689500 0.026000 0.025000
0 0.821000 0.707000 0.026000 0.028000
0 0.771000 0.815000 0.030000 0.028000
0 0.762000 0.835000 0.028000 0.026000
0 0.739000 0.832500 0.028000 0.029000
0 0.559000 0.613500 0.032000 0.031000
0 0.565000 0.649500 0.026000 0.027000
0 0.555500 0.358500 0.033000 0.033000
0 0.579000 0.459500 0.032000 0.031000
0 0.508000 0.491500 0.028000 0.029000
0 0.616500 0.481000 0.027000 0.028000
0 0.624500 0.500500 0.027000 0.027000
0 0.584500 0.229000 0.025000 0.026000
0 0.587000 0.247500 0.028000 0.027000
0 0.561500 0.288500 0.027000 0.027000
0 0.578500 0.311000 0.027000 0.028000
0 0.725000 0.256500 0.030000 0.031000
0 0.728000 0.310500 0.026000 0.027000
0 0.684000 0.319000 0.026000 0.026000
0 0.696000 0.329500 0.022000 0.021000
0 0.696500 0.315000 0.021000 0.022000
0 0.902500 0.268000 0.033000 0.034000
0 0.883000 0.336500 0.034000 0.037000
0 0.897000 0.440500 0.032000 0.033000
0 0.868000 0.461500 0.030000 0.031000
0 0.877500 0.383500 0.027000 0.027000
0 0.899000 0.380000 0.028000 0.028000
0 0.965500 0.512500 0.035000 0.035000
0 0.800000 0.234500 0.032000 0.033000
0 0.753000 0.208500 0.030000 0.031000
0 0.744000 0.177000 0.032000 0.032000
0 0.619500 0.030500 0.031000 0.029000
0 0.578500 0.068000 0.029000 0.030000
0 0.571000 0.135000 0.026000 0.026000
0 0.585000 0.112000 0.028000 0.026000
0 0.616500 0.102000 0.025000 0.024000
0 0.616000 0.090000 0.026000 0.026000
0 0.431000 0.160500 0.028000 0.029000
0 0.457500 0.049000 0.031000 0.030000
0 0.448000 0.014500 0.028000 0.027000
0 0.469000 0.020000 0.028000 0.028000
0 0.338500 0.041000 0.027000 0.026000
0 0.324500 0.089000 0.027000 0.028000
0 0.338500 0.093500 0.025000 0.025000
0 0.233500 0.112000 0.033000 0.032000
0 0.319000 0.259500 0.028000 0.031000
0 0.353000 0.266000 0.024000 0.024000
0 0.395500 0.245000 0.025000 0.026000
0 0.402500 0.266000 0.029000 0.028000
0 0.192500 0.282000 0.025000 0.026000
0 0.220500 0.309000 0.027000 0.028000
0 0.152000 0.232000 0.028000 0.030000
0 0.201500 0.229000 0.025000 0.030000
0 0.220500 0.226500 0.027000 0.029000
0 0.119000 0.297500 0.024000 0.025000
0 0.161000 0.270000 0.020000 0.024000
0 0.152000 0.281500 0.032000 0.031000
0 0.051500 0.305000 0.023000 0.028000
0 0.089500 0.260500 0.023000 0.027000
0 0.083000 0.232500 0.026000 0.029000
0 0.105500 0.236000 0.025000 0.028000
0 0.186000 0.374500 0.028000 0.029000
0 0.146000 0.352000 0.028000 0.030000
0 0.073500 0.351500 0.029000 0.029000
0 0.119500 0.371000 0.025000 0.026000
0 0.132500 0.398000 0.025000 0.026000
0 0.081500 0.417500 0.025000 0.027000
0 0.156500 0.420000 0.021000 0.022000
0 0.170500 0.433000 0.025000 0.026000
0 0.039000 0.402500 0.024000 0.025000
0 0.049500 0.425000 0.029000 0.028000
0 0.021000 0.442500 0.026000 0.027000
0 0.021500 0.475000 0.027000 0.028000
0 0.289000 0.876500 0.030000 0.031000
0 0.344000 0.899000 0.032000 0.034000
0 0.543000 0.846000 0.030000 0.030000
0 0.261500 0.261500 0.035000 0.033000
0 0.231500 0.350000 0.029000 0.030000
0 0.375000 0.391500 0.034000 0.035000
0 0.307500 0.386500 0.027000 0.029000
0 0.287000 0.402000 0.028000 0.030000
0 0.257000 0.412000 0.030000 0.028000
0 0.211000 0.441000 0.030000 0.030000
