0 0.845000 0.745000 0.032000 0.034000
0 0.935500 0.667000 0.031000 0.032000
0 0.890000 0.629000 0.032000 0.034000
0 0.688500 0.851000 0.029000 0.030000
0 0.693500 0.810500 0.031000 0.029000
0 0.707500 0.785000 0.029000 0.028000
0 0.714000 0.749500 0.028000 0.029000
0 0.727000 0.702000 0.028000 0.028000
0 0.735000 0.670000 0.028000 0.028000
0 0.748000 0.623500 0.026000 0.025000
0 0.760000 0.579500 0.026000 0.027000
0 0.766000 0.558500 0.026000 0.027000
0 0.599500 0.713000 0.031000 0.032000
0 0.625500 0.680500 0.033000 0.033000
0 0.507000 0.731500 0.032000 0.033000
0 0.298500 0.736000 0.031000 0.032000
0 0.334500 0.701000 0.027000 0.028000
0 0.357000 0.710000 0.026000 0.026000
0 0.363000 0.666500 0.028000 0.029000
0 0.383000 0.685500 0.024000 0.023000
0 0.385500 0.707500 0.027000 0.025000
0 0.401000 0.585500 0.028000 0.029000
0 0.333500 0.587000 0.025000 0.028000
0 0.349500 0.593500 0.025000 0.027000
0 0.457500 0.543000 0.029000 0.028000
0 0.473500 0.570000 0.027000 0.026000
0 0.426500 0.609000 0.025000 0.026000
0 0.436000 0.617000 0.026000 0.026000
0 0.157000 0.689000 0.028000 0.028000
0 0.140000 0.635500 0.028000 0.029000
0 0.166500 0.609500 0.029000 0.029000
0 0.218500 0.618000 0.029000 0.030000
0 0.242500 0.594000 0.027000 0.028000
0 0.223000 0.554500 0.030000 0.029000
0 0.142500 0.533000 0.029000 0.030000
0 0.297500 0.334500 0.031000 0.033000
0 0.347500 0.437500 0.031000 0.033000
0 0.468000 0.433000 0.026000 0.026000
0 0.511000 0.430500 0.024000 0.027000
0 0.546000 0.393500 0.024000 0.025000
0 0.557500 0.400000 0.023000 0.024000
0 0.496500 0.346500 0.023000 0.025000
0 0.451500 0.358500 0.025000 0.025000
0 0.429500 0.378000 0.025000 0.026000
0 0.479500 0.376500 0.023000 0.025000
0 0.499500 0.378500 0.025000 0.027000
0 0.414500 0.224000 0.031000 0.032000
0 0.472500 0.235000 0.029000 0.030000
0 0.526000 0.199500 0.030000 0.031000
0 0.484000 0.274000 0.028000 0.028000
0 0.547000 0.261500 0.028000 0.027000
0 0.549500 0.275500 0.027000 0.027000
0 0.449500 0.050500 0.031000 0.031000
0 0.758500 0.219500 0.031000 0.033000
0 0.810000 0.238000 0.032000 0.036000
0 0.866500 0.290000 0.031000 0.032000
0 0.880500 0.319500 0.029000 0.029000
0 0.592000 0.384000 0.030000 0.032000
0 0.594000 0.442500 0.034000 0.033000
0 0.344500 0.899500 0.033000 0.035000
