0 0.576500 0.109500 0.023000 0.025000
0 0.556000 0.128000 0.026000 0.026000
0 0.671000 0.116000 0.024000 0.026000
0 0.666000 0.136000 0.028000 0.028000
0 0.669500 0.152000 0.025000 0.024000
0 0.608000 0.177000 0.024000 0.026000
0 0.668000 0.228000 0.026000 0.028000
0 0.699000 0.228000 0.026000 0.026000
0 0.686000 0.270500 0.024000 0.025000
0 0.666500 0.287500 0.027000 0.027000
0 0.541000 0.202000 0.026000 0.028000
0 0.513000 0.222500 0.032000 0.033000
0 0.503000 0.261500 0.024000 0.025000
0 0.548500 0.310000 0.025000 0.026000
0 0.537000 0.356000 0.026000 0.026000
0 0.547000 0.354000 0.026000 0.026000
0 0.454000 0.356000 0.026000 0.028000
0 0.432500 0.400500 0.025000 0.025000
0 0.378000 0.359500 0.026000 0.027000
0 0.388500 0.355000 0.027000 0.028000
0 0.487500 0.401000 0.025000 0.026000
0 0.506000 0.393000 0.026000 0.026000
0 0.331500 0.475500 0.025000 0.025000
0 0.354500 0.497000 0.023000 0.024000
0 0.379500 0.511000 0.023000 0.024000
0 0.372500 0.538500 0.027000 0.027000
0 0.333000 0.520000 0.024000 0.024000
0 0.409000 0.465500 0.024000 0.025000
0 0.417500 0.471000 0.023000 0.024000
0 0.435000 0.454000 0.024000 0.024000
0 0.447500 0.460000 0.025000 0.026000
0 0.390500 0.588000 0.025000 0.026000
0 0.336000 0.574000 0.024000 0.024000
0 0.333500 0.615000 0.027000 0.026000
0 0.412500 0.648000 0.013000 0.014000
0 0.442500 0.633000 0.025000 0.026000
0 0.383500 0.693000 0.027000 0.028000
0 0.350000 0.686000 0.028000 0.028000
0 0.337000 0.790000 0.030000 0.030000
0 0.448500 0.735500 0.029000 0.029000
0 0.497500 0.778500 0.027000 0.027000
0 0.483500 0.795500 0.027000 0.027000
0 0.570000 0.823500 0.026000 0.029000
0 0.557000 0.891500 0.026000 0.025000
0 0.529500 0.902000 0.025000 0.026000
0 0.496500 0.895000 0.025000 0.026000
0 0.556000 0.938000 0.024000 0.024000
0 0.528500 0.938500 0.017000 0.017000
0 0.404500 0.922500 0.027000 0.027000
0 0.411500 0.934500 0.023000 0.023000
0 0.265500 0.561000 0.021000 0.022000
0 0.281000 0.586500 0.024000 0.025000
0 0.211500 0.579000 0.027000 0.026000
0 0.234500 0.602000 0.021000 0.022000
0 0.252500 0.628000 0.029000 0.028000
0 0.237000 0.531500 0.026000 0.025000
0 0.304000 0.535000 0.024000 0.026000
0 0.289500 0.554500 0.023000 0.023000
0 0.095000 0.593500 0.026000 0.027000
0 0.094000 0.625500 0.022000 0.023000
0 0.111500 0.661000 0.027000 0.028000
0 0.223500 0.775000 0.023000 0.024000
0 0.212000 0.796500 0.028000 0.029000
0 0.184500 0.762000 0.025000 0.026000
0 0.168000 0.769500 0.026000 0.027000
0 0.817000 0.812000 0.020000 0.020000
0 0.796500 0.777500 0.025000 0.025000
0 0.745000 0.762500 0.020000 0.021000
0 0.705500 0.785500 0.023000 0.023000
0 0.675500 0.778000 0.023000 0.024000
0 0.599500 0.548500 0.027000 0.027000
0 0.596500 0.645000 0.027000 0.028000
0 0.516500 0.664000 0.021000 0.022000
0 0.494000 0.649500 0.028000 0.029000
0 0.735500 0.686500 0.027000 0.027000
0 0.756000 0.622500 0.020000 0.021000
0 0.741000 0.599500 0.024000 0.025000
0 0.827500 0.518500 0.031000 0.031000
0 0.696500 0.448500 0.027000 0.027000
0 0.754000 0.421000 0.030000 0.032000
0 0.818000 0.433500 0.028000 0.029000
0 0.850500 0.439000 0.027000 0.030000
0 0.822500 0.356500 0.027000 0.027000
0 0.754500 0.391500 0.019000 0.019000
0 0.741000 0.360500 0.026000 0.027000
0 0.729000 0.374500 0.028000 0.029000
0 0.674000 0.404000 0.026000 0.026000
0 0.463000 0.231000 0.026000 0.026000
0 0.475500 0.263000 0.019000 0.020000
0 0.440500 0.254500 0.025000 0.027000
0 0.040000 0.475000 0.026000 0.026000
0 0.246000 0.472500 0.022000 0.023000
0 0.272000 0.484500 0.020000 0.021000
0 0.271500 0.504500 0.023000 0.023000
0 0.267000 0.510000 0.024000 0.024000
0 0.279000 0.396000 0.024000 0.024000
0 0.262000 0.412000 0.026000 0.026000
0 0.252500 0.437000 0.027000 0.028000
0 0.225000 0.259000 0.028000 0.028000
0 0.200500 0.332000 0.025000 0.026000
0 0.217500 0.364500 0.027000 0.027000
0 0.318500 0.325000 0.025000 0.026000
0 0.329500 0.326500 0.025000 0.027000
0 0.260000 0.348500 0.024000 0.025000
0 0.274000 0.354500 0.026000 0.027000
0 0.313500 0.253500 0.025000 0.025000
0 0.315500 0.275000 0.027000 0.026000
0 0.219500 0.156000 0.029000 0.030000
0 0.276500 0.138000 0.023000 0.024000
0 0.342500 0.157500 0.029000 0.029000
0 0.366500 0.222500 0.033000 0.035000
0 0.391500 0.176500 0.017000 0.019000
