0 0.925500 0.304500 0.029000 0.031000
0 0.871000 0.318500 0.024000 0.025000
0 0.856000 0.309000 0.028000 0.028000
0 0.809500 0.301000 0.023000 0.024000
0 0.807000 0.318000 0.026000 0.026000
0 0.849500 0.404000 0.029000 0.030000
0 0.773000 0.369000 0.026000 0.026000
0 0.799000 0.397000 0.026000 0.026000
0 0.805500 0.425000 0.027000 0.028000
0 0.741000 0.379500 0.026000 0.025000
0 0.596000 0.244000 0.028000 0.030000
0 0.567500 0.260000 0.023000 0.024000
0 0.581000 0.269000 0.034000 0.034000
0 0.582000 0.304000 0.030000 0.030000
0 0.534500 0.263000 0.029000 0.030000
0 0.503000 0.251000 0.024000 0.026000
0 0.422000 0.306000 0.028000 0.030000
0 0.447000 0.428000 0.018000 0.018000
0 0.318500 0.360500 0.025000 0.025000
0 0.407000 0.349500 0.024000 0.025000
0 0.399500 0.336500 0.027000 0.027000
0 0.377500 0.325500 0.021000 0.021000
0 0.353500 0.338000 0.023000 0.024000
0 0.365000 0.329500 0.030000 0.033000
0 0.300500 0.319000 0.021000 0.022000
0 0.188000 0.360500 0.030000 0.031000
0 0.175000 0.298500 0.024000 0.027000
0 0.119000 0.445500 0.024000 0.025000
0 0.160500 0.458500 0.027000 0.029000
0 0.153500 0.405000 0.029000 0.030000
0 0.141000 0.412500 0.020000 0.021000
0 0.076500 0.396500 0.029000 0.031000
0 0.737500 0.177500 0.029000 0.029000
0 0.724500 0.286000 0.027000 0.030000
0 0.705000 0.270000 0.028000 0.030000
0 0.567500 0.143500 0.027000 0.027000
0 0.547500 0.177500 0.027000 0.027000
0 0.592000 0.092000 0.028000 0.028000
0 0.672500 0.068000 0.029000 0.028000
0 0.364500 0.120500 0.033000 0.033000
0 0.612000 0.648000 0.030000 0.030000
0 0.655000 0.678500 0.022000 0.025000
0 0.673000 0.680000 0.024000 0.026000
0 0.690000 0.650500 0.024000 0.025000
0 0.557500 0.712000 0.025000 0.024000
0 0.562500 0.731000 0.025000 0.022000
0 0.555000 0.752500 0.024000 0.025000
0 0.593000 0.781500 0.026000 0.027000
0 0.619500 0.804000 0.031000 0.030000
0 0.466000 0.751000 0.028000 0.030000
0 0.542500 0.831500 0.027000 0.027000
0 0.528000 0.828500 0.018000 0.019000
0 0.531000 0.850500 0.026000 0.025000
0 0.545500 0.878500 0.025000 0.025000
0 0.578000 0.909000 0.026000 0.028000
0 0.467000 0.838500 0.026000 0.025000
0 0.420000 0.809500 0.026000 0.027000
0 0.420500 0.887000 0.023000 0.024000
0 0.424500 0.919500 0.029000 0.029000
0 0.393500 0.907000 0.023000 0.024000
0 0.389000 0.879500 0.024000 0.025000
0 0.366000 0.891000 0.022000 0.022000
0 0.360000 0.865500 0.024000 0.025000
0 0.328500 0.882000 0.027000 0.026000
0 0.335500 0.912000 0.029000 0.030000
0 0.317500 0.841500 0.025000 0.027000
0 0.255500 0.773000 0.027000 0.028000
0 0.238000 0.857500 0.028000 0.031000
0 0.369000 0.732500 0.028000 0.027000
0 0.354000 0.753000 0.026000 0.024000
0 0.349500 0.767000 0.025000 0.024000
0 0.254000 0.647500 0.028000 0.029000
0 0.205000 0.613000 0.024000 0.024000
0 0.212500 0.652000 0.029000 0.030000
0 0.197000 0.698000 0.026000 0.028000
0 0.205000 0.693500 0.026000 0.027000
0 0.168500 0.658500 0.025000 0.025000
0 0.118500 0.640000 0.029000 0.030000
0 0.147500 0.768000 0.029000 0.030000
0 0.769500 0.606500 0.023000 0.025000
0 0.754500 0.617500 0.015000 0.015000
0 0.750000 0.646000 0.026000 0.026000
0 0.750500 0.585500 0.025000 0.027000
0 0.734000 0.594500 0.026000 0.027000
0 0.705000 0.604500 0.018000 0.019000
0 0.652500 0.573500 0.029000 0.029000
0 0.821500 0.735000 0.027000 0.028000
0 0.791500 0.719500 0.025000 0.027000
0 0.806500 0.818000 0.029000 0.028000
0 0.737500 0.734000 0.021000 0.020000
0 0.760500 0.760500 0.023000 0.025000
0 0.755500 0.746000 0.025000 0.026000
0 0.587000 0.569500 0.028000 0.029000
0 0.541500 0.555500 0.027000 0.029000
0 0.487000 0.544000 0.026000 0.026000
0 0.559000 0.628500 0.028000 0.027000
0 0.552500 0.653500 0.027000 0.029000
0 0.513000 0.658500 0.028000 0.029000
0 0.419500 0.644500 0.025000 0.027000
0 0.429000 0.689500 0.024000 0.027000
0 0.444500 0.687000 0.025000 0.028000
0 0.406500 0.488000 0.029000 0.030000
0 0.276000 0.506000 0.026000 0.026000
0 0.286000 0.532000 0.024000 0.024000
0 0.292500 0.585000 0.029000 0.030000
0 0.236500 0.577500 0.031000 0.031000
0 0.217000 0.532500 0.028000 0.031000
0 0.063000 0.491500 0.038000 0.043000
0 0.536000 0.481500 0.026000 0.025000
