0 0.824500 0.366500 0.029000 0.029000
0 0.890500 0.432000 0.029000 0.032000
0 0.788500 0.422000 0.031000 0.030000
0 0.889500 0.495000 0.027000 0.028000
0 0.896000 0.503000 0.026000 0.026000
0 0.832500 0.539500 0.025000 0.025000
0 0.797500 0.524000 0.021000 0.020000
0 0.795000 0.577000 0.024000 0.024000
0 0.785500 0.479000 0.021000 0.022000
0 0.797500 0.469000 0.027000 0.028000
0 0.805000 0.507000 0.022000 0.022000
0 0.811500 0.508500 0.025000 0.025000
0 0.916000 0.604000 0.030000 0.036000
0 0.844000 0.636000 0.026000 0.030000
0 0.842000 0.767500 0.022000 0.025000
0 0.713000 0.736500 0.022000 0.023000
0 0.751000 0.801500 0.024000 0.025000
0 0.816000 0.829000 0.022000 0.022000
0 0.812500 0.833500 0.023000 0.023000
0 0.782000 0.855000 0.024000 0.024000
0 0.665000 0.757000 0.022000 0.024000
0 0.696500 0.840500 0.025000 0.025000
0 0.680500 0.861000 0.025000 0.024000
0 0.679500 0.827500 0.023000 0.023000
0 0.656000 0.825000 0.024000 0.024000
0 0.590000 0.843000 0.030000 0.030000
0 0.613500 0.915500 0.025000 0.025000
0 0.628000 0.917000 0.028000 0.032000
0 0.510500 0.925500 0.023000 0.023000
0 0.477500 0.956000 0.025000 0.024000
0 0.460000 0.972000 0.028000 0.028000
0 0.404000 0.944500 0.028000 0.029000
0 0.323000 0.905500 0.030000 0.031000
0 0.319000 0.871500 0.028000 0.029000
0 0.300500 0.848500 0.027000 0.027000
0 0.288000 0.831500 0.024000 0.025000
0 0.411500 0.762500 0.027000 0.027000
0 0.350000 0.685500 0.026000 0.027000
0 0.188500 0.813000 0.025000 0.026000
0 0.179000 0.695000 0.026000 0.024000
0 0.161500 0.713000 0.023000 0.024000
0 0.139500 0.705000 0.023000 0.024000
0 0.149000 0.734500 0.026000 0.027000
0 0.140000 0.663000 0.026000 0.026000
0 0.241500 0.741000 0.029000 0.030000
0 0.246500 0.755500 0.027000 0.027000
0 0.262000 0.780000 0.036000 0.036000
0 0.312500 0.559000 0.025000 0.026000
0 0.340000 0.546000 0.026000 0.026000
0 0.220500 0.520000 0.029000 0.030000
0 0.415000 0.590000 0.026000 0.028000
0 0.464000 0.573500 0.026000 0.027000
0 0.391000 0.503500 0.024000 0.025000
0 0.360000 0.470000 0.018000 0.018000
0 0.313500 0.472500 0.027000 0.027000
0 0.251000 0.403000 0.028000 0.028000
0 0.239500 0.354500 0.029000 0.029000
0 0.384000 0.315500 0.028000 0.029000
0 0.434000 0.365500 0.026000 0.027000
0 0.465000 0.380500 0.026000 0.027000
0 0.466500 0.277500 0.023000 0.023000
0 0.602000 0.269500 0.030000 0.031000
0 0.518500 0.249500 0.023000 0.025000
0 0.556500 0.288000 0.021000 0.022000
0 0.606500 0.376000 0.023000 0.024000
0 0.660000 0.386500 0.026000 0.029000
0 0.712500 0.339000 0.025000 0.026000
0 0.560500 0.390000 0.027000 0.028000
0 0.600500 0.460500 0.029000 0.029000
0 0.618500 0.508000 0.025000 0.026000
0 0.546500 0.432500 0.029000 0.029000
0 0.641500 0.624500 0.021000 0.021000
0 0.689000 0.607500 0.024000 0.025000
0 0.694500 0.628500 0.021000 0.023000
0 0.551500 0.610000 0.025000 0.026000
0 0.546000 0.640500 0.020000 0.021000
0 0.586000 0.584500 0.024000 0.025000
0 0.595500 0.576000 0.031000 0.032000
0 0.534000 0.692000 0.022000 0.022000
0 0.520500 0.680500 0.025000 0.025000
0 0.468000 0.676500 0.024000 0.025000
0 0.353000 0.636000 0.026000 0.028000
0 0.701000 0.162000 0.028000 0.028000
0 0.601000 0.169000 0.028000 0.028000
0 0.559500 0.128500 0.029000 0.029000
0 0.411500 0.238500 0.019000 0.019000
0 0.428000 0.053000 0.028000 0.024000
0 0.433500 0.075500 0.027000 0.027000
0 0.275000 0.125000 0.026000 0.024000
0 0.339000 0.202000 0.022000 0.022000
0 0.335000 0.224000 0.028000 0.024000
0 0.230000 0.187500 0.030000 0.027000
0 0.156000 0.196500 0.026000 0.025000
0 0.115500 0.341000 0.029000 0.030000
