0 0.865000 0.283500 0.016000 0.017000
0 0.877000 0.365000 0.022000 0.022000
0 0.932000 0.412000 0.026000 0.028000
0 0.908500 0.430000 0.025000 0.026000
0 0.826500 0.372500 0.023000 0.023000
0 0.799000 0.369500 0.022000 0.021000
0 0.822000 0.324500 0.022000 0.023000
0 0.824500 0.261500 0.027000 0.027000
0 0.799500 0.281000 0.023000 0.024000
0 0.757500 0.271500 0.023000 0.023000
0 0.768000 0.317000 0.020000 0.020000
0 0.741000 0.318500 0.028000 0.029000
0 0.728000 0.341000 0.020000 0.020000
0 0.628000 0.353500 0.022000 0.023000
0 0.595000 0.377000 0.018000 0.018000
0 0.588000 0.401500 0.016000 0.015000
0 0.542500 0.442000 0.021000 0.022000
0 0.593000 0.491000 0.022000 0.022000
0 0.576000 0.328000 0.020000 0.020000
0 0.583000 0.345500 0.022000 0.021000
0 0.552500 0.381000 0.021000 0.022000
0 0.492500 0.394500 0.023000 0.023000
0 0.510500 0.292000 0.041000 0.044000
0 0.484000 0.306000 0.018000 0.020000
0 0.460000 0.286000 0.022000 0.022000
0 0.432500 0.310500 0.019000 0.021000
0 0.406500 0.345500 0.021000 0.021000
0 0.384500 0.387500 0.021000 0.021000
0 0.343000 0.489500 0.022000 0.021000
0 0.346000 0.501500 0.016000 0.015000
0 0.363000 0.508500 0.020000 0.021000
0 0.363500 0.541000 0.019000 0.018000
0 0.356500 0.563500 0.019000 0.019000
0 0.336500 0.538500 0.021000 0.021000
0 0.349500 0.583500 0.023000 0.023000
0 0.313000 0.649000 0.020000 0.020000
0 0.325000 0.648500 0.022000 0.021000
0 0.470500 0.659500 0.021000 0.019000
0 0.528000 0.596000 0.020000 0.020000
0 0.534000 0.633500 0.020000 0.021000
0 0.485500 0.728000 0.019000 0.020000
0 0.394000 0.725500 0.022000 0.023000
0 0.594500 0.725000 0.021000 0.020000
0 0.525500 0.810500 0.015000 0.015000
0 0.497000 0.843000 0.020000 0.020000
0 0.325000 0.783500 0.024000 0.023000
0 0.731500 0.875500 0.019000 0.019000
0 0.636000 0.929000 0.028000 0.026000
0 0.590000 0.910500 0.022000 0.023000
0 0.588500 0.831000 0.019000 0.020000
0 0.603500 0.843500 0.013000 0.013000
0 0.598000 0.856500 0.020000 0.019000
0 0.599500 0.869500 0.019000 0.019000
0 0.680500 0.804000 0.021000 0.022000
0 0.728000 0.806000 0.020000 0.020000
0 0.787500 0.759500 0.019000 0.019000
0 0.735000 0.764500 0.024000 0.023000
0 0.803500 0.706500 0.021000 0.021000
0 0.856500 0.692000 0.021000 0.020000
0 0.852500 0.708500 0.021000 0.021000
0 0.870000 0.566000 0.022000 0.022000
0 0.622500 0.665500 0.021000 0.021000
0 0.591500 0.578000 0.025000 0.024000
0 0.616000 0.597500 0.020000 0.021000
0 0.619000 0.605000 0.022000 0.022000
0 0.503000 0.908500 0.026000 0.027000
0 0.474500 0.939000 0.029000 0.028000
0 0.370500 0.910000 0.023000 0.024000
0 0.364000 0.920500 0.024000 0.023000
0 0.244500 0.829000 0.027000 0.028000
0 0.186000 0.783000 0.024000 0.024000
0 0.180500 0.691000 0.021000 0.020000
0 0.154500 0.712000 0.023000 0.024000
0 0.252500 0.418000 0.021000 0.022000
0 0.227500 0.407000 0.021000 0.022000
0 0.146500 0.468500 0.023000 0.025000
0 0.152000 0.489000 0.022000 0.022000
0 0.068500 0.485500 0.025000 0.027000
0 0.088500 0.427000 0.025000 0.026000
0 0.087500 0.449500 0.019000 0.019000
0 0.187500 0.355000 0.025000 0.024000
0 0.305000 0.293500 0.020000 0.021000
0 0.307500 0.309500 0.021000 0.021000
0 0.127000 0.323000 0.024000 0.024000
0 0.117500 0.351500 0.025000 0.027000
0 0.091500 0.331000 0.025000 0.026000
0 0.106500 0.246000 0.019000 0.020000
0 0.178500 0.265500 0.019000 0.019000
0 0.204000 0.246500 0.022000 0.023000
0 0.239500 0.247000 0.021000 0.022000
0 0.205500 0.272500 0.025000 0.025000
0 0.198500 0.295500 0.019000 0.019000
0 0.189000 0.177000 0.028000 0.028000
0 0.240000 0.207000 0.022000 0.024000
0 0.377500 0.230000 0.023000 0.026000
0 0.360000 0.093000 0.024000 0.026000
0 0.348000 0.125500 0.026000 0.025000
0 0.520000 0.125000 0.020000 0.020000
0 0.564000 0.123500 0.022000 0.021000
0 0.488000 0.159500 0.022000 0.027000
0 0.459000 0.161500 0.022000 0.023000
0 0.639000 0.158000 0.022000 0.022000
0 0.692000 0.203500 0.022000 0.023000
0 0.667000 0.222000 0.020000 0.020000
0 0.599000 0.209500 0.022000 0.021000
0 0.760500 0.200000 0.019000 0.020000
