0 0.938000 0.401500 0.010000 0.011000
0 0.897500 0.499000 0.011000 0.012000
0 0.901500 0.524500 0.011000 0.011000
0 0.879000 0.585500 0.030000 0.031000
0 0.874000 0.628000 0.032000 0.034000
0 0.845500 0.591500 0.009000 0.009000
0 0.736500 0.569500 0.035000 0.033000
0 0.813000 0.637000 0.010000 0.010000
0 0.757500 0.728500 0.009000 0.009000
0 0.784500 0.723500 0.031000 0.033000
0 0.746500 0.844500 0.009000 0.009000
0 0.624500 0.794500 0.009000 0.009000
0 0.676500 0.730500 0.009000 0.009000
0 0.563500 0.802500 0.009000 0.009000
0 0.512500 0.848500 0.009000 0.009000
0 0.523500 0.945500 0.009000 0.009000
0 0.468500 0.944500 0.009000 0.009000
0 0.629500 0.942500 0.015000 0.015000
0 0.686500 0.937500 0.029000 0.029000
0 0.550000 0.869000 0.030000 0.030000
0 0.489000 0.855000 0.028000 0.030000
0 0.389500 0.731000 0.031000 0.030000
0 0.421000 0.799000 0.028000 0.028000
0 0.537000 0.780500 0.036000 0.037000
0 0.574500 0.734500 0.027000 0.027000
0 0.419500 0.952500 0.009000 0.009000
0 0.388500 0.923500 0.009000 0.009000
0 0.279500 0.870000 0.031000 0.032000
0 0.287500 0.832500 0.009000 0.009000
0 0.258500 0.810500 0.009000 0.009000
0 0.239500 0.805500 0.009000 0.009000
0 0.213500 0.839500 0.009000 0.009000
0 0.294000 0.774000 0.032000 0.032000
0 0.212500 0.608500 0.011000 0.011000
0 0.233500 0.540500 0.009000 0.009000
0 0.221500 0.524500 0.009000 0.009000
0 0.261500 0.538000 0.033000 0.034000
0 0.164500 0.455500 0.033000 0.033000
0 0.239500 0.424000 0.035000 0.034000
0 0.301500 0.459500 0.027000 0.027000
0 0.327500 0.426500 0.031000 0.033000
0 0.332000 0.546500 0.032000 0.035000
0 0.256500 0.474500 0.041000 0.041000
0 0.258000 0.500500 0.030000 0.027000
0 0.391500 0.441500 0.009000 0.009000
0 0.420500 0.361500 0.009000 0.009000
0 0.402500 0.386500 0.009000 0.009000
0 0.370500 0.408500 0.035000 0.033000
0 0.389500 0.330500 0.009000 0.009000
0 0.336500 0.342500 0.009000 0.009000
0 0.311500 0.351500 0.009000 0.009000
0 0.457500 0.364000 0.037000 0.040000
0 0.474500 0.453500 0.009000 0.009000
0 0.467500 0.482500 0.009000 0.009000
0 0.459500 0.482500 0.009000 0.009000
0 0.444500 0.498500 0.033000 0.033000
0 0.431500 0.471000 0.031000 0.030000
0 0.404500 0.492500 0.031000 0.033000
0 0.376500 0.521000 0.031000 0.034000
0 0.374000 0.474000 0.030000 0.032000
0 0.557000 0.493000 0.012000 0.012000
0 0.561500 0.410000 0.035000 0.036000
0 0.522000 0.339000 0.010000 0.010000
0 0.602000 0.376000 0.010000 0.010000
0 0.608000 0.414000 0.034000 0.036000
0 0.616000 0.399000 0.042000 0.044000
0 0.572000 0.286000 0.010000 0.010000
0 0.611000 0.351000 0.034000 0.034000
0 0.585500 0.335500 0.035000 0.037000
0 0.603500 0.308500 0.037000 0.037000
0 0.610000 0.325000 0.036000 0.038000
0 0.655500 0.221000 0.025000 0.028000
0 0.632000 0.250500 0.038000 0.039000
0 0.629000 0.212500 0.038000 0.039000
0 0.583000 0.189000 0.010000 0.010000
0 0.570000 0.184000 0.010000 0.010000
0 0.539000 0.216000 0.010000 0.010000
0 0.586000 0.239000 0.008000 0.008000
0 0.580000 0.251000 0.008000 0.008000
0 0.551000 0.239000 0.008000 0.008000
0 0.575000 0.226000 0.008000 0.008000
0 0.572000 0.235000 0.008000 0.008000
0 0.707000 0.215000 0.010000 0.010000
0 0.687000 0.182000 0.010000 0.010000
0 0.755500 0.195000 0.043000 0.046000
0 0.846000 0.210000 0.036000 0.038000
0 0.809500 0.187500 0.009000 0.009000
0 0.812000 0.213000 0.036000 0.038000
0 0.829000 0.237500 0.036000 0.035000
0 0.846000 0.316000 0.040000 0.040000
0 0.889500 0.354000 0.037000 0.038000
0 0.917500 0.328500 0.009000 0.009000
0 0.897500 0.295500 0.009000 0.009000
0 0.891500 0.318500 0.009000 0.009000
0 0.877500 0.379500 0.009000 0.009000
0 0.451000 0.217000 0.010000 0.010000
0 0.281000 0.308000 0.010000 0.010000
0 0.310000 0.099000 0.010000 0.010000
0 0.091500 0.298500 0.011000 0.011000
0 0.068000 0.495000 0.010000 0.010000
0 0.064000 0.513000 0.010000 0.010000
0 0.088000 0.595000 0.036000 0.038000
0 0.096500 0.635500 0.009000 0.009000
0 0.118000 0.714000 0.010000 0.010000
0 0.107500 0.695500 0.037000 0.039000
0 0.083500 0.715500 0.037000 0.037000
