0 0.947500 0.577000 0.029000 0.030000
0 0.948500 0.604500 0.033000 0.035000
0 0.889000 0.561500 0.028000 0.029000
0 0.833000 0.510000 0.010000 0.010000
0 0.869000 0.440000 0.010000 0.010000
0 0.932000 0.392000 0.010000 0.010000
0 0.844500 0.318000 0.029000 0.026000
0 0.857000 0.344000 0.026000 0.028000
0 0.875000 0.347500 0.024000 0.025000
0 0.827500 0.256500 0.025000 0.025000
0 0.749500 0.270500 0.009000 0.009000
0 0.723500 0.288500 0.009000 0.009000
0 0.807500 0.292500 0.009000 0.009000
0 0.812500 0.283500 0.009000 0.009000
0 0.774500 0.242500 0.009000 0.009000
0 0.830500 0.209500 0.009000 0.009000
0 0.779500 0.188500 0.009000 0.009000
0 0.770500 0.191500 0.009000 0.009000
0 0.767500 0.201500 0.009000 0.009000
0 0.707000 0.190000 0.028000 0.028000
0 0.708500 0.235500 0.009000 0.009000
0 0.694500 0.220500 0.009000 0.009000
0 0.683500 0.235500 0.009000 0.009000
0 0.661500 0.248500 0.009000 0.009000
0 0.644500 0.270500 0.009000 0.009000
0 0.705000 0.253500 0.024000 0.023000
0 0.710500 0.146500 0.009000 0.009000
0 0.647500 0.168500 0.009000 0.009000
0 0.623500 0.170500 0.009000 0.009000
0 0.597500 0.197500 0.009000 0.009000
0 0.626500 0.190500 0.009000 0.009000
0 0.598500 0.183500 0.009000 0.009000
0 0.604500 0.174500 0.009000 0.009000
0 0.681500 0.091500 0.009000 0.009000
0 0.429000 0.095000 0.010000 0.010000
0 0.363500 0.071500 0.009000 0.009000
0 0.211500 0.152500 0.009000 0.009000
0 0.207000 0.134000 0.028000 0.030000
0 0.227500 0.217500 0.009000 0.009000
0 0.236500 0.263000 0.035000 0.034000
0 0.246500 0.322500 0.009000 0.009000
0 0.181500 0.298500 0.009000 0.009000
0 0.213500 0.303500 0.033000 0.033000
0 0.208000 0.339500 0.026000 0.025000
0 0.211000 0.370500 0.030000 0.031000
0 0.225000 0.427000 0.008000 0.008000
0 0.126000 0.428000 0.008000 0.008000
0 0.146000 0.403000 0.008000 0.008000
0 0.159000 0.366500 0.026000 0.025000
0 0.154000 0.354000 0.008000 0.008000
0 0.132000 0.394500 0.028000 0.029000
0 0.171000 0.419000 0.022000 0.022000
0 0.174000 0.443500 0.034000 0.035000
0 0.147500 0.445000 0.025000 0.026000
0 0.162500 0.515500 0.009000 0.009000
0 0.189500 0.587500 0.023000 0.025000
0 0.125500 0.621500 0.009000 0.009000
0 0.090500 0.593000 0.035000 0.038000
0 0.136500 0.751500 0.009000 0.009000
0 0.400500 0.760500 0.009000 0.009000
0 0.308500 0.846500 0.009000 0.009000
0 0.329500 0.905000 0.035000 0.036000
0 0.500500 0.765500 0.009000 0.009000
0 0.522500 0.825500 0.009000 0.009000
0 0.502500 0.847500 0.009000 0.009000
0 0.564000 0.885500 0.026000 0.027000
0 0.516000 0.865000 0.024000 0.026000
0 0.601500 0.821500 0.009000 0.009000
0 0.609500 0.803500 0.009000 0.009000
0 0.633500 0.843500 0.009000 0.009000
0 0.647500 0.869500 0.009000 0.009000
0 0.707500 0.781500 0.009000 0.009000
0 0.634500 0.815000 0.025000 0.026000
0 0.685500 0.857000 0.027000 0.028000
0 0.637000 0.889500 0.026000 0.025000
0 0.640500 0.922500 0.009000 0.009000
0 0.594500 0.910500 0.009000 0.009000
0 0.611500 0.908000 0.025000 0.026000
0 0.879500 0.678500 0.009000 0.009000
0 0.836500 0.709500 0.009000 0.009000
0 0.827500 0.731500 0.009000 0.009000
0 0.843500 0.747500 0.009000 0.009000
0 0.796000 0.726000 0.032000 0.034000
0 0.758500 0.745500 0.009000 0.009000
0 0.742500 0.713500 0.009000 0.009000
0 0.712500 0.714500 0.009000 0.009000
0 0.708500 0.706500 0.009000 0.009000
0 0.720500 0.670500 0.009000 0.009000
0 0.712000 0.691000 0.026000 0.026000
0 0.663500 0.668500 0.009000 0.009000
0 0.700500 0.755500 0.033000 0.033000
0 0.754500 0.830500 0.029000 0.029000
0 0.740000 0.872500 0.032000 0.033000
0 0.368500 0.439500 0.009000 0.009000
0 0.398500 0.531500 0.009000 0.009000
0 0.428500 0.541500 0.009000 0.009000
0 0.507500 0.536500 0.009000 0.009000
0 0.363500 0.521000 0.025000 0.026000
0 0.497000 0.449500 0.034000 0.035000
0 0.526000 0.506000 0.040000 0.042000
0 0.563000 0.413500 0.028000 0.029000
0 0.604000 0.487000 0.008000 0.008000
0 0.599000 0.407000 0.008000 0.008000
0 0.586000 0.401000 0.008000 0.008000
0 0.567000 0.343000 0.008000 0.008000
0 0.592000 0.356000 0.008000 0.008000
0 0.645000 0.361000 0.008000 0.008000
0 0.675000 0.368000 0.008000 0.008000
0 0.684000 0.346000 0.008000 0.008000
0 0.692000 0.370000 0.008000 0.008000
0 0.692000 0.380000 0.008000 0.008000
0 0.648000 0.426000 0.008000 0.008000
0 0.665000 0.423000 0.008000 0.008000
0 0.664000 0.430000 0.008000 0.008000
0 0.661000 0.506000 0.008000 0.008000
0 0.595000 0.462000 0.008000 0.008000
0 0.643500 0.507500 0.025000 0.027000
0 0.633500 0.495500 0.031000 0.031000
0 0.620000 0.461000 0.034000 0.034000
0 0.621000 0.441000 0.034000 0.034000
0 0.600500 0.447000 0.029000 0.030000
0 0.740500 0.298500 0.027000 0.027000
0 0.658500 0.402500 0.029000 0.031000
0 0.656000 0.330500 0.036000 0.039000
0 0.619500 0.341000 0.037000 0.038000
0 0.590500 0.259500 0.041000 0.041000
0 0.549000 0.299000 0.028000 0.030000
0 0.105000 0.288500 0.026000 0.027000
0 0.061000 0.424500 0.030000 0.033000
0 0.044000 0.422500 0.022000 0.023000
