0 0.948000 0.537500 0.028000 0.031000
0 0.896000 0.532500 0.038000 0.039000
0 0.917500 0.580500 0.009000 0.009000
0 0.868500 0.523500 0.009000 0.009000
0 0.857000 0.540500 0.026000 0.027000
0 0.894000 0.599500 0.030000 0.031000
0 0.871500 0.618500 0.009000 0.009000
0 0.808500 0.624000 0.009000 0.010000
0 0.795000 0.589000 0.028000 0.030000
0 0.742500 0.545500 0.009000 0.009000
0 0.716500 0.619500 0.009000 0.009000
0 0.726500 0.514000 0.031000 0.028000
0 0.686000 0.644000 0.028000 0.028000
0 0.640500 0.646500 0.009000 0.009000
0 0.608500 0.741500 0.027000 0.029000
0 0.553500 0.751500 0.027000 0.027000
0 0.556000 0.760500 0.034000 0.033000
0 0.586500 0.776500 0.009000 0.009000
0 0.550500 0.795500 0.009000 0.009000
0 0.631500 0.792000 0.009000 0.010000
0 0.695500 0.792500 0.011000 0.011000
0 0.673000 0.837000 0.010000 0.010000
0 0.675000 0.860000 0.010000 0.010000
0 0.627500 0.864000 0.009000 0.010000
0 0.572500 0.867500 0.029000 0.029000
0 0.597000 0.890000 0.010000 0.010000
0 0.649000 0.922000 0.038000 0.036000
0 0.494500 0.811500 0.033000 0.035000
0 0.461000 0.811000 0.010000 0.010000
0 0.431500 0.775500 0.009000 0.009000
0 0.413500 0.754500 0.009000 0.009000
0 0.374500 0.748500 0.009000 0.009000
0 0.422500 0.703500 0.009000 0.009000
0 0.428500 0.733500 0.033000 0.033000
0 0.513000 0.669000 0.010000 0.010000
0 0.542500 0.669500 0.009000 0.009000
0 0.458500 0.614500 0.033000 0.035000
0 0.382000 0.632000 0.010000 0.010000
0 0.338500 0.696000 0.027000 0.026000
0 0.323500 0.729500 0.029000 0.029000
0 0.352500 0.760500 0.009000 0.009000
0 0.272500 0.729500 0.009000 0.009000
0 0.267500 0.753500 0.009000 0.009000
0 0.263500 0.771500 0.027000 0.025000
0 0.212500 0.827000 0.009000 0.010000
0 0.202500 0.783000 0.027000 0.026000
0 0.244000 0.691000 0.010000 0.010000
0 0.264500 0.660500 0.009000 0.009000
0 0.173500 0.748500 0.009000 0.009000
0 0.178000 0.718000 0.026000 0.026000
0 0.193000 0.719000 0.008000 0.008000
0 0.212500 0.681500 0.025000 0.027000
0 0.192500 0.691500 0.033000 0.035000
0 0.158500 0.619500 0.009000 0.009000
0 0.131000 0.645000 0.026000 0.026000
0 0.125000 0.624000 0.026000 0.026000
0 0.146000 0.585000 0.034000 0.034000
0 0.101000 0.574000 0.024000 0.026000
0 0.122000 0.536000 0.032000 0.036000
0 0.105500 0.480500 0.027000 0.029000
0 0.068000 0.472000 0.026000 0.028000
0 0.097500 0.434500 0.009000 0.009000
0 0.070000 0.407000 0.008000 0.008000
0 0.077000 0.428000 0.026000 0.026000
0 0.088500 0.408000 0.025000 0.026000
0 0.086000 0.359000 0.010000 0.010000
0 0.118500 0.346500 0.009000 0.009000
0 0.134500 0.344500 0.009000 0.009000
0 0.129500 0.333500 0.009000 0.009000
0 0.127500 0.259000 0.013000 0.014000
0 0.234500 0.350500 0.025000 0.025000
0 0.267500 0.418500 0.009000 0.009000
0 0.279500 0.373000 0.009000 0.010000
0 0.266500 0.373500 0.009000 0.009000
0 0.255000 0.379000 0.010000 0.010000
0 0.859000 0.737000 0.008000 0.008000
0 0.870500 0.717500 0.009000 0.009000
0 0.873000 0.696000 0.030000 0.032000
0 0.610500 0.569500 0.009000 0.009000
0 0.604000 0.532000 0.010000 0.010000
0 0.639000 0.473500 0.034000 0.035000
0 0.674500 0.420000 0.027000 0.026000
0 0.700500 0.388500 0.009000 0.009000
0 0.744000 0.379000 0.032000 0.034000
0 0.742500 0.353500 0.009000 0.009000
0 0.709500 0.359500 0.009000 0.009000
0 0.690500 0.323500 0.009000 0.009000
0 0.730500 0.314500 0.009000 0.009000
0 0.796500 0.310500 0.011000 0.011000
0 0.821000 0.334000 0.010000 0.010000
0 0.822000 0.398500 0.010000 0.009000
0 0.789000 0.391500 0.010000 0.009000
0 0.752500 0.271500 0.009000 0.009000
0 0.762500 0.152500 0.009000 0.009000
0 0.739000 0.169500 0.028000 0.027000
0 0.747500 0.122500 0.009000 0.009000
0 0.759500 0.125500 0.009000 0.009000
0 0.534500 0.083000 0.035000 0.036000
0 0.515500 0.097500 0.009000 0.009000
0 0.484000 0.142000 0.010000 0.010000
0 0.447000 0.116000 0.010000 0.010000
0 0.363500 0.188500 0.009000 0.009000
0 0.373500 0.204500 0.025000 0.025000
0 0.361000 0.214000 0.008000 0.008000
0 0.507000 0.239500 0.028000 0.027000
0 0.546500 0.263500 0.025000 0.025000
0 0.530000 0.291500 0.030000 0.031000
0 0.154000 0.237000 0.010000 0.010000
0 0.174500 0.211500 0.009000 0.009000
0 0.247000 0.186000 0.026000 0.026000
0 0.325000 0.102000 0.026000 0.026000
0 0.314500 0.138000 0.009000 0.010000
0 0.297500 0.140500 0.009000 0.009000
0 0.175500 0.168500 0.009000 0.009000
0 0.192500 0.154500 0.009000 0.009000
0 0.212500 0.158500 0.009000 0.009000
0 0.220000 0.145000 0.010000 0.010000
0 0.583000 0.377000 0.028000 0.028000
0 0.429000 0.476000 0.010000 0.010000
0 0.397000 0.515500 0.010000 0.011000
0 0.290000 0.554000 0.010000 0.010000
0 0.855000 0.466000 0.010000 0.010000
