0 0.926500 0.638500 0.011000 0.011000
0 0.846500 0.649500 0.011000 0.011000
0 0.840500 0.678500 0.011000 0.011000
0 0.851500 0.694500 0.011000 0.011000
0 0.853500 0.728500 0.011000 0.011000
0 0.873500 0.766500 0.011000 0.011000
0 0.847500 0.816500 0.011000 0.011000
0 0.783500 0.857500 0.011000 0.011000
0 0.786500 0.792500 0.011000 0.011000
0 0.778000 0.798000 0.010000 0.010000
0 0.786000 0.749000 0.010000 0.010000
0 0.781000 0.729000 0.010000 0.010000
0 0.790000 0.668000 0.010000 0.010000
0 0.773000 0.659000 0.010000 0.010000
0 0.767000 0.625000 0.010000 0.010000
0 0.735000 0.627000 0.010000 0.010000
0 0.721000 0.726000 0.010000 0.010000
0 0.706000 0.715000 0.010000 0.010000
0 0.696000 0.685000 0.010000 0.010000
0 0.742000 0.599000 0.010000 0.010000
0 0.725000 0.586000 0.010000 0.010000
0 0.821000 0.378000 0.012000 0.012000
0 0.807000 0.439000 0.010000 0.010000
0 0.749000 0.417000 0.010000 0.010000
0 0.713000 0.367000 0.012000 0.012000
0 0.666000 0.361000 0.012000 0.012000
0 0.653000 0.408000 0.010000 0.010000
0 0.683000 0.471000 0.010000 0.010000
0 0.686000 0.511000 0.010000 0.010000
0 0.636000 0.491000 0.010000 0.010000
0 0.679000 0.565000 0.010000 0.010000
0 0.773000 0.533000 0.010000 0.010000
0 0.795000 0.495000 0.010000 0.010000
0 0.737000 0.510000 0.010000 0.010000
0 0.748000 0.473000 0.010000 0.010000
0 0.720000 0.497000 0.010000 0.010000
0 0.749000 0.524000 0.010000 0.010000
0 0.725000 0.530000 0.010000 0.010000
0 0.817000 0.480000 0.010000 0.010000
0 0.834000 0.510000 0.010000 0.010000
0 0.872000 0.465000 0.010000 0.010000
0 0.909000 0.424000 0.010000 0.010000
0 0.894000 0.395000 0.010000 0.010000
0 0.863000 0.567000 0.010000 0.010000
0 0.819000 0.586000 0.010000 0.010000
0 0.815000 0.561000 0.010000 0.010000
0 0.689000 0.783000 0.010000 0.010000
0 0.705000 0.817000 0.010000 0.010000
0 0.659000 0.809000 0.010000 0.010000
0 0.647000 0.757000 0.010000 0.010000
0 0.629000 0.768000 0.010000 0.010000
0 0.598000 0.792000 0.010000 0.010000
0 0.552000 0.792000 0.010000 0.010000
0 0.542000 0.807000 0.010000 0.010000
0 0.515000 0.852000 0.010000 0.010000
0 0.502000 0.865000 0.010000 0.010000
0 0.623000 0.710000 0.010000 0.010000
0 0.591000 0.724000 0.010000 0.010000
0 0.571000 0.734000 0.010000 0.010000
0 0.648000 0.642000 0.010000 0.010000
0 0.635000 0.640000 0.010000 0.010000
0 0.615000 0.663000 0.010000 0.010000
0 0.610000 0.652000 0.010000 0.010000
0 0.639000 0.592000 0.010000 0.010000
0 0.679000 0.596000 0.010000 0.010000
0 0.697000 0.591000 0.010000 0.010000
0 0.691000 0.597000 0.010000 0.010000
0 0.566000 0.589000 0.010000 0.010000
0 0.571000 0.581000 0.010000 0.010000
0 0.539000 0.635000 0.010000 0.010000
0 0.490000 0.615000 0.010000 0.010000
0 0.507000 0.578000 0.010000 0.010000
0 0.476000 0.544000 0.010000 0.010000
0 0.448000 0.561000 0.010000 0.010000
0 0.438000 0.547000 0.010000 0.010000
0 0.452000 0.505000 0.010000 0.010000
0 0.415000 0.487000 0.010000 0.010000
0 0.406000 0.524000 0.010000 0.010000
0 0.438000 0.503000 0.010000 0.010000
0 0.431000 0.505000 0.010000 0.010000
0 0.416000 0.500000 0.010000 0.010000
0 0.427000 0.518000 0.010000 0.010000
0 0.410000 0.507000 0.010000 0.010000
0 0.449000 0.432000 0.010000 0.010000
0 0.418000 0.427000 0.010000 0.010000
0 0.317000 0.475000 0.010000 0.010000
0 0.308000 0.488000 0.010000 0.010000
0 0.376000 0.532000 0.010000 0.010000
0 0.361000 0.550000 0.010000 0.010000
0 0.385000 0.570000 0.010000 0.010000
0 0.417000 0.613000 0.010000 0.010000
0 0.372000 0.592000 0.010000 0.010000
0 0.343000 0.548000 0.010000 0.010000
0 0.275000 0.527000 0.010000 0.010000
0 0.298000 0.541000 0.010000 0.010000
0 0.272000 0.551000 0.010000 0.010000
0 0.268000 0.610000 0.010000 0.010000
0 0.336000 0.619000 0.010000 0.010000
0 0.335000 0.639000 0.010000 0.010000
0 0.316000 0.641000 0.010000 0.010000
0 0.363000 0.618000 0.010000 0.010000
0 0.344500 0.583500 0.009000 0.009000
0 0.352500 0.579500 0.009000 0.009000
0 0.353500 0.567500 0.009000 0.009000
0 0.346500 0.568500 0.009000 0.009000
0 0.246000 0.668000 0.010000 0.010000
0 0.176000 0.602000 0.010000 0.010000
0 0.181000 0.550000 0.010000 0.010000
0 0.108000 0.557000 0.010000 0.010000
0 0.058000 0.525000 0.010000 0.010000
0 0.157000 0.527000 0.010000 0.010000
0 0.142000 0.503000 0.010000 0.010000
0 0.182000 0.461000 0.010000 0.010000
0 0.140000 0.419000 0.010000 0.010000
0 0.111000 0.426000 0.010000 0.010000
0 0.073000 0.436000 0.010000 0.010000
0 0.124000 0.363000 0.010000 0.010000
0 0.081000 0.362000 0.010000 0.010000
0 0.111000 0.333000 0.010000 0.010000
0 0.104000 0.323000 0.010000 0.010000
0 0.144000 0.324000 0.010000 0.010000
0 0.161000 0.318000 0.010000 0.010000
0 0.215000 0.314000 0.010000 0.010000
0 0.198000 0.259000 0.010000 0.010000
0 0.177000 0.217000 0.010000 0.010000
0 0.139000 0.276000 0.010000 0.010000
0 0.127000 0.260000 0.010000 0.010000
0 0.263000 0.210000 0.010000 0.010000
0 0.303000 0.178000 0.010000 0.010000
0 0.346000 0.179000 0.010000 0.010000
0 0.417000 0.163000 0.010000 0.010000
0 0.427000 0.191000 0.010000 0.010000
0 0.457000 0.222000 0.010000 0.010000
0 0.474000 0.364000 0.010000 0.010000
0 0.458000 0.362000 0.010000 0.010000
0 0.368000 0.377000 0.010000 0.010000
0 0.348000 0.379000 0.010000 0.010000
0 0.269000 0.437000 0.010000 0.010000
0 0.258000 0.492000 0.010000 0.010000
0 0.246000 0.428000 0.010000 0.010000
0 0.227000 0.420000 0.010000 0.010000
0 0.222000 0.402000 0.010000 0.010000
0 0.238000 0.356000 0.010000 0.010000
0 0.217000 0.361000 0.010000 0.010000
0 0.199000 0.375000 0.010000 0.010000
0 0.428000 0.625000 0.010000 0.010000
0 0.424000 0.634000 0.010000 0.010000
0 0.345000 0.709000 0.010000 0.010000
0 0.300000 0.814000 0.010000 0.010000
0 0.304000 0.821000 0.010000 0.010000
0 0.415000 0.830000 0.010000 0.010000
0 0.418000 0.824000 0.010000 0.010000
0 0.330000 0.919000 0.010000 0.010000
0 0.188000 0.789000 0.010000 0.010000
0 0.095000 0.711000 0.010000 0.010000
0 0.580000 0.341000 0.012000 0.012000
0 0.747000 0.295000 0.012000 0.012000
0 0.788000 0.294000 0.012000 0.012000
0 0.709000 0.238000 0.012000 0.012000
0 0.720000 0.185000 0.012000 0.012000
0 0.828000 0.225000 0.012000 0.012000
0 0.720000 0.157000 0.012000 0.012000
0 0.695000 0.139000 0.012000 0.012000
0 0.695000 0.174000 0.012000 0.012000
0 0.670000 0.114000 0.012000 0.012000
0 0.570000 0.185000 0.010000 0.010000
0 0.558000 0.062000 0.010000 0.010000
0 0.530000 0.025000 0.010000 0.010000
0 0.407000 0.042000 0.010000 0.010000
0 0.853000 0.301000 0.012000 0.012000
