0 0.896500 0.592500 0.011000 0.011000
0 0.854500 0.651500 0.011000 0.011000
0 0.888500 0.710500 0.011000 0.011000
0 0.794500 0.734500 0.011000 0.011000
0 0.814500 0.671500 0.011000 0.011000
0 0.820500 0.679500 0.011000 0.011000
0 0.818500 0.693500 0.011000 0.011000
0 0.750500 0.676500 0.011000 0.011000
0 0.766500 0.675500 0.011000 0.011000
0 0.785500 0.673500 0.011000 0.011000
0 0.774500 0.591500 0.011000 0.011000
0 0.748500 0.597500 0.011000 0.011000
0 0.747500 0.535500 0.011000 0.011000
0 0.675500 0.569500 0.011000 0.011000
0 0.752500 0.458500 0.011000 0.011000
0 0.684500 0.494500 0.011000 0.011000
0 0.681500 0.462500 0.011000 0.011000
0 0.646500 0.441500 0.011000 0.011000
0 0.631500 0.477500 0.011000 0.011000
0 0.603500 0.498500 0.011000 0.011000
0 0.582500 0.473500 0.011000 0.011000
0 0.605500 0.456500 0.011000 0.011000
0 0.709500 0.506500 0.011000 0.011000
0 0.712500 0.516500 0.011000 0.011000
0 0.571500 0.553500 0.011000 0.011000
0 0.575000 0.577000 0.010000 0.010000
0 0.576000 0.589000 0.010000 0.010000
0 0.500000 0.552000 0.010000 0.010000
0 0.450000 0.541000 0.010000 0.010000
0 0.538000 0.516000 0.010000 0.010000
0 0.515000 0.517000 0.010000 0.010000
0 0.495000 0.518000 0.010000 0.010000
0 0.488000 0.458000 0.010000 0.010000
0 0.436000 0.443000 0.010000 0.010000
0 0.475000 0.454000 0.010000 0.010000
0 0.475000 0.461000 0.010000 0.010000
0 0.477000 0.579000 0.010000 0.010000
0 0.471000 0.591000 0.010000 0.010000
0 0.470000 0.624000 0.010000 0.010000
0 0.453000 0.621000 0.010000 0.010000
0 0.451000 0.639000 0.010000 0.010000
0 0.432000 0.635000 0.010000 0.010000
0 0.436000 0.649000 0.010000 0.010000
0 0.460000 0.664000 0.010000 0.010000
0 0.493000 0.666000 0.010000 0.010000
0 0.491000 0.706000 0.010000 0.010000
0 0.538000 0.758000 0.010000 0.010000
0 0.417000 0.732000 0.010000 0.010000
0 0.564000 0.655000 0.010000 0.010000
0 0.535000 0.646000 0.010000 0.010000
0 0.544000 0.661000 0.010000 0.010000
0 0.543000 0.681000 0.010000 0.010000
0 0.537000 0.681000 0.010000 0.010000
0 0.556000 0.800000 0.010000 0.010000
0 0.540000 0.732000 0.010000 0.010000
0 0.534000 0.737000 0.010000 0.010000
0 0.379000 0.655000 0.010000 0.010000
0 0.366000 0.667000 0.010000 0.010000
0 0.368000 0.687000 0.010000 0.010000
0 0.383000 0.744000 0.010000 0.010000
0 0.283000 0.729000 0.010000 0.010000
0 0.266000 0.763000 0.010000 0.010000
0 0.252000 0.717000 0.010000 0.010000
0 0.251000 0.674000 0.010000 0.010000
0 0.212000 0.669000 0.010000 0.010000
0 0.167000 0.676000 0.010000 0.010000
0 0.176000 0.646000 0.010000 0.010000
0 0.240000 0.603000 0.010000 0.010000
0 0.247000 0.560000 0.010000 0.010000
0 0.178000 0.563000 0.010000 0.010000
0 0.158000 0.595000 0.010000 0.010000
0 0.135000 0.590000 0.010000 0.010000
0 0.125000 0.539000 0.010000 0.010000
0 0.178000 0.488000 0.010000 0.010000
0 0.155000 0.443000 0.010000 0.010000
0 0.125000 0.457000 0.010000 0.010000
0 0.103000 0.441000 0.010000 0.010000
0 0.076000 0.469000 0.010000 0.010000
0 0.067000 0.479000 0.010000 0.010000
0 0.162000 0.381000 0.010000 0.010000
0 0.117000 0.396000 0.010000 0.010000
0 0.106000 0.358000 0.010000 0.010000
0 0.232000 0.399000 0.010000 0.010000
0 0.275000 0.374000 0.010000 0.010000
0 0.281000 0.348000 0.010000 0.010000
0 0.264000 0.366000 0.010000 0.010000
0 0.252000 0.299000 0.010000 0.010000
0 0.201000 0.311000 0.010000 0.010000
0 0.139000 0.318000 0.010000 0.010000
0 0.170000 0.275000 0.010000 0.010000
0 0.228000 0.241000 0.010000 0.010000
0 0.280000 0.214000 0.010000 0.010000
0 0.322000 0.169000 0.010000 0.010000
0 0.243000 0.178000 0.010000 0.010000
0 0.321000 0.221000 0.010000 0.010000
0 0.328000 0.229000 0.010000 0.010000
0 0.718500 0.706500 0.011000 0.011000
0 0.754500 0.749500 0.011000 0.011000
0 0.729500 0.751500 0.011000 0.011000
0 0.720500 0.743500 0.011000 0.011000
0 0.716500 0.789500 0.011000 0.011000
0 0.679500 0.743500 0.011000 0.011000
0 0.671500 0.808500 0.011000 0.011000
0 0.663500 0.808500 0.011000 0.011000
0 0.627500 0.771500 0.011000 0.011000
0 0.605500 0.730500 0.011000 0.011000
0 0.608500 0.721500 0.011000 0.011000
0 0.654000 0.693000 0.010000 0.010000
0 0.650000 0.678000 0.010000 0.010000
0 0.638000 0.655000 0.010000 0.010000
0 0.600000 0.847000 0.010000 0.010000
0 0.576000 0.855000 0.010000 0.010000
0 0.562000 0.858000 0.010000 0.010000
0 0.482000 0.913000 0.010000 0.010000
0 0.438000 0.861000 0.010000 0.010000
0 0.376000 0.855000 0.010000 0.010000
0 0.327000 0.930000 0.010000 0.010000
0 0.319000 0.927000 0.010000 0.010000
0 0.316000 0.914000 0.010000 0.010000
0 0.191000 0.828000 0.010000 0.010000
0 0.153000 0.758000 0.010000 0.010000
0 0.149000 0.750000 0.010000 0.010000
0 0.411000 0.582000 0.010000 0.010000
0 0.407000 0.569000 0.010000 0.010000
0 0.364000 0.604000 0.010000 0.010000
0 0.350000 0.588000 0.010000 0.010000
0 0.334000 0.584000 0.010000 0.010000
0 0.294000 0.613000 0.010000 0.010000
0 0.320000 0.553000 0.010000 0.010000
0 0.306000 0.538000 0.010000 0.010000
0 0.368000 0.499000 0.010000 0.010000
0 0.341000 0.509000 0.010000 0.010000
0 0.377000 0.357000 0.010000 0.010000
0 0.316000 0.459000 0.010000 0.010000
0 0.354000 0.414000 0.010000 0.010000
0 0.327000 0.357000 0.010000 0.010000
0 0.420000 0.327000 0.010000 0.010000
0 0.375000 0.328000 0.010000 0.010000
0 0.379000 0.312000 0.010000 0.010000
0 0.350000 0.291000 0.010000 0.010000
0 0.895000 0.479000 0.010000 0.010000
0 0.905000 0.462000 0.010000 0.010000
0 0.881000 0.478000 0.010000 0.010000
0 0.911000 0.372000 0.010000 0.010000
0 0.913000 0.353000 0.010000 0.010000
0 0.787000 0.402000 0.010000 0.010000
0 0.784000 0.340000 0.010000 0.010000
0 0.868000 0.290000 0.010000 0.010000
0 0.778000 0.331000 0.010000 0.010000
0 0.731000 0.365000 0.010000 0.010000
0 0.725000 0.398000 0.010000 0.010000
0 0.696000 0.386000 0.010000 0.010000
0 0.687000 0.321000 0.010000 0.010000
0 0.665000 0.367000 0.010000 0.010000
0 0.617000 0.369000 0.010000 0.010000
0 0.576000 0.394000 0.010000 0.010000
0 0.631000 0.246000 0.010000 0.010000
0 0.656000 0.223000 0.010000 0.010000
0 0.650000 0.180000 0.010000 0.010000
0 0.596000 0.199000 0.010000 0.010000
0 0.539000 0.196000 0.010000 0.010000
0 0.536000 0.165000 0.010000 0.010000
0 0.579000 0.150000 0.010000 0.010000
0 0.607000 0.118000 0.010000 0.010000
0 0.612000 0.113000 0.010000 0.010000
0 0.588000 0.127000 0.010000 0.010000
0 0.573000 0.119000 0.010000 0.010000
0 0.579000 0.108000 0.010000 0.010000
0 0.565000 0.109000 0.010000 0.010000
0 0.569000 0.128000 0.010000 0.010000
0 0.487000 0.241000 0.010000 0.010000
0 0.485000 0.277000 0.010000 0.010000
0 0.537000 0.290000 0.010000 0.010000
0 0.528000 0.305000 0.010000 0.010000
0 0.521000 0.296000 0.010000 0.010000
0 0.463000 0.238000 0.010000 0.010000
0 0.450000 0.239000 0.010000 0.010000
0 0.468000 0.199000 0.010000 0.010000
0 0.447000 0.212000 0.010000 0.010000
0 0.442000 0.152000 0.010000 0.010000
0 0.419000 0.209000 0.010000 0.010000
0 0.406000 0.195000 0.010000 0.010000
0 0.375000 0.192000 0.010000 0.010000
0 0.383000 0.171000 0.010000 0.010000
0 0.403000 0.122000 0.010000 0.010000
