0 0.933500 0.514000 0.011000 0.012000
0 0.904500 0.515000 0.011000 0.012000
0 0.926500 0.577000 0.011000 0.012000
0 0.872500 0.561500 0.011000 0.011000
0 0.849500 0.570500 0.011000 0.011000
0 0.828500 0.504500 0.011000 0.011000
0 0.732500 0.487500 0.011000 0.011000
0 0.708500 0.514500 0.011000 0.011000
0 0.719500 0.553500 0.011000 0.011000
0 0.820500 0.550500 0.011000 0.011000
0 0.813500 0.553500 0.011000 0.011000
0 0.749000 0.579500 0.010000 0.011000
0 0.769000 0.601000 0.010000 0.010000
0 0.746000 0.610000 0.010000 0.010000
0 0.791000 0.616000 0.010000 0.010000
0 0.791000 0.590000 0.010000 0.010000
0 0.831000 0.605000 0.010000 0.010000
0 0.833000 0.593000 0.010000 0.010000
0 0.783000 0.559000 0.010000 0.010000
0 0.793000 0.568000 0.010000 0.010000
0 0.800000 0.576000 0.010000 0.010000
0 0.831000 0.655000 0.010000 0.010000
0 0.860000 0.650000 0.010000 0.010000
0 0.872000 0.662000 0.010000 0.010000
0 0.820000 0.717000 0.010000 0.010000
0 0.812000 0.722000 0.010000 0.010000
0 0.731000 0.779000 0.010000 0.010000
0 0.767000 0.653000 0.010000 0.010000
0 0.756000 0.657000 0.010000 0.010000
0 0.749000 0.674000 0.010000 0.010000
0 0.701000 0.653000 0.010000 0.010000
0 0.663000 0.630000 0.010000 0.010000
0 0.658000 0.591000 0.010000 0.010000
0 0.630500 0.509500 0.011000 0.011000
0 0.672500 0.547500 0.011000 0.011000
0 0.686500 0.535500 0.011000 0.011000
0 0.687500 0.527500 0.011000 0.011000
0 0.662000 0.711000 0.010000 0.010000
0 0.671000 0.757000 0.010000 0.010000
0 0.619000 0.772000 0.010000 0.010000
0 0.719000 0.815000 0.010000 0.010000
0 0.693000 0.839000 0.010000 0.010000
0 0.692500 0.826000 0.011000 0.012000
0 0.623000 0.946500 0.010000 0.011000
0 0.525000 0.910000 0.010000 0.010000
0 0.514000 0.839000 0.010000 0.010000
0 0.499000 0.880000 0.010000 0.010000
0 0.496000 0.921000 0.010000 0.010000
0 0.497000 0.947000 0.010000 0.010000
0 0.462000 0.944000 0.010000 0.010000
0 0.471000 0.914000 0.010000 0.010000
0 0.436000 0.810000 0.010000 0.010000
0 0.386000 0.900000 0.010000 0.010000
0 0.410000 0.939000 0.010000 0.010000
0 0.422000 0.949000 0.010000 0.010000
0 0.426000 0.960000 0.010000 0.010000
0 0.453000 0.898000 0.010000 0.010000
0 0.335000 0.900000 0.010000 0.010000
0 0.324000 0.912000 0.010000 0.010000
0 0.296000 0.906000 0.010000 0.010000
0 0.292000 0.896000 0.010000 0.010000
0 0.318000 0.830000 0.010000 0.010000
0 0.278000 0.840000 0.010000 0.010000
0 0.232000 0.855000 0.010000 0.010000
0 0.209000 0.848000 0.010000 0.010000
0 0.322000 0.764000 0.010000 0.010000
0 0.283000 0.820000 0.010000 0.010000
0 0.267000 0.818000 0.010000 0.010000
0 0.203000 0.797000 0.010000 0.010000
0 0.205000 0.763000 0.010000 0.010000
0 0.193000 0.776000 0.010000 0.010000
0 0.199000 0.731000 0.010000 0.010000
0 0.184000 0.732000 0.010000 0.010000
0 0.179000 0.751000 0.010000 0.010000
0 0.162000 0.765000 0.010000 0.010000
0 0.199000 0.691000 0.010000 0.010000
0 0.191000 0.707000 0.010000 0.010000
0 0.185000 0.690000 0.010000 0.010000
0 0.307000 0.697000 0.010000 0.010000
0 0.319000 0.671000 0.010000 0.010000
0 0.285000 0.672000 0.010000 0.010000
0 0.283000 0.689000 0.010000 0.010000
0 0.278000 0.694000 0.010000 0.010000
0 0.266000 0.633000 0.010000 0.010000
0 0.311000 0.567000 0.010000 0.010000
0 0.296000 0.591000 0.010000 0.010000
0 0.282000 0.596000 0.010000 0.010000
0 0.267000 0.570000 0.010000 0.010000
0 0.242000 0.557000 0.010000 0.010000
0 0.235000 0.613000 0.010000 0.010000
0 0.230000 0.603000 0.010000 0.010000
0 0.194000 0.477000 0.010000 0.010000
0 0.242000 0.496000 0.010000 0.010000
0 0.312000 0.481000 0.010000 0.010000
0 0.357000 0.443000 0.010000 0.010000
0 0.340000 0.438000 0.010000 0.010000
0 0.317000 0.430000 0.010000 0.010000
0 0.401000 0.383000 0.010000 0.010000
0 0.476000 0.358000 0.010000 0.010000
0 0.499000 0.468000 0.010000 0.010000
0 0.408000 0.489000 0.010000 0.010000
0 0.443000 0.522000 0.010000 0.010000
0 0.493000 0.488000 0.010000 0.010000
0 0.519000 0.497000 0.010000 0.010000
0 0.534000 0.534000 0.010000 0.010000
0 0.555000 0.496000 0.010000 0.010000
0 0.553000 0.479000 0.010000 0.010000
0 0.517000 0.600000 0.010000 0.010000
0 0.487000 0.536000 0.010000 0.010000
0 0.474000 0.524000 0.010000 0.010000
0 0.480000 0.586000 0.010000 0.010000
0 0.483000 0.566000 0.010000 0.010000
0 0.474000 0.564000 0.010000 0.010000
0 0.458000 0.552000 0.010000 0.010000
0 0.448000 0.565000 0.010000 0.010000
0 0.544000 0.643000 0.010000 0.010000
0 0.472000 0.691000 0.010000 0.010000
0 0.509000 0.643000 0.010000 0.010000
0 0.549000 0.643000 0.010000 0.010000
0 0.377500 0.643500 0.011000 0.011000
0 0.781500 0.444500 0.011000 0.011000
0 0.748500 0.448500 0.011000 0.011000
0 0.746500 0.430500 0.011000 0.011000
0 0.781500 0.358500 0.011000 0.011000
0 0.752500 0.361500 0.011000 0.011000
0 0.741500 0.350500 0.011000 0.011000
0 0.868500 0.323500 0.011000 0.011000
0 0.826500 0.306500 0.011000 0.011000
0 0.844500 0.258500 0.011000 0.011000
0 0.847500 0.249500 0.011000 0.011000
0 0.767500 0.279500 0.011000 0.011000
0 0.767500 0.261500 0.011000 0.011000
0 0.725500 0.217500 0.011000 0.011000
0 0.672500 0.279500 0.011000 0.011000
0 0.675500 0.319500 0.011000 0.011000
0 0.635500 0.246500 0.011000 0.011000
0 0.685500 0.180500 0.011000 0.011000
0 0.677500 0.168500 0.011000 0.011000
0 0.660500 0.135500 0.011000 0.011000
0 0.680500 0.142500 0.011000 0.011000
0 0.574500 0.165500 0.011000 0.011000
0 0.570500 0.249500 0.011000 0.011000
0 0.568500 0.255500 0.011000 0.011000
0 0.605500 0.344500 0.011000 0.011000
0 0.662500 0.383500 0.011000 0.011000
0 0.629000 0.394000 0.010000 0.010000
0 0.612000 0.394000 0.010000 0.010000
0 0.546500 0.380500 0.011000 0.011000
0 0.601500 0.409500 0.011000 0.011000
0 0.608000 0.443500 0.010000 0.011000
0 0.606000 0.477000 0.010000 0.010000
0 0.565500 0.409500 0.011000 0.011000
0 0.547500 0.398500 0.011000 0.011000
0 0.100000 0.721000 0.010000 0.010000
0 0.125000 0.576000 0.010000 0.010000
0 0.107000 0.596000 0.010000 0.010000
0 0.081000 0.512000 0.010000 0.010000
0 0.085500 0.408500 0.011000 0.011000
0 0.076500 0.428500 0.011000 0.011000
0 0.045500 0.427500 0.009000 0.009000
0 0.133000 0.300000 0.012000 0.012000
0 0.247000 0.273000 0.012000 0.012000
0 0.385000 0.212000 0.012000 0.012000
0 0.419000 0.240000 0.012000 0.012000
0 0.444000 0.234000 0.012000 0.012000
0 0.346000 0.234000 0.010000 0.010000
0 0.341500 0.242500 0.011000 0.011000
0 0.344500 0.167500 0.011000 0.011000
0 0.296500 0.195500 0.011000 0.011000
0 0.274500 0.212500 0.011000 0.011000
0 0.264000 0.221000 0.012000 0.012000
0 0.261000 0.150500 0.010000 0.011000
0 0.268500 0.150500 0.011000 0.011000
