0 0.862500 0.344000 0.025000 0.026000
0 0.609000 0.240000 0.026000 0.026000
0 0.510000 0.246500 0.024000 0.023000
0 0.500000 0.282000 0.022000 0.022000
0 0.404000 0.434000 0.022000 0.022000
0 0.401500 0.412500 0.023000 0.023000
0 0.257500 0.512000 0.025000 0.026000
0 0.288500 0.550000 0.023000 0.024000
0 0.184000 0.600500 0.024000 0.025000
0 0.393500 0.727500 0.021000 0.021000
0 0.453000 0.749000 0.022000 0.022000
0 0.439500 0.720000 0.023000 0.024000
0 0.513500 0.686000 0.025000 0.026000
0 0.632000 0.706000 0.026000 0.024000
0 0.597500 0.745000 0.023000 0.024000
0 0.602000 0.886000 0.024000 0.024000
0 0.776000 0.814000 0.026000 0.026000
0 0.532000 0.596500 0.018000 0.019000
0 0.139500 0.378500 0.023000 0.023000
