0 0.858000 0.726500 0.038000 0.039000
0 0.771500 0.817500 0.009000 0.009000
0 0.752500 0.846000 0.033000 0.034000
0 0.705000 0.862500 0.034000 0.035000
0 0.747000 0.591500 0.010000 0.011000
0 0.813500 0.455500 0.009000 0.009000
0 0.799000 0.433500 0.010000 0.011000
0 0.785500 0.411500 0.009000 0.009000
0 0.824500 0.337000 0.009000 0.010000
0 0.870000 0.334000 0.010000 0.010000
0 0.210500 0.235000 0.009000 0.010000
0 0.244000 0.255000 0.030000 0.030000
0 0.233500 0.336500 0.009000 0.009000
0 0.283000 0.129500 0.010000 0.009000
0 0.505500 0.119500 0.011000 0.011000
0 0.281000 0.608000 0.010000 0.010000
0 0.096500 0.540500 0.029000 0.029000
