0 0.696500 0.356000 0.029000 0.030000
0 0.755500 0.347500 0.027000 0.029000
0 0.705000 0.443000 0.028000 0.028000
0 0.531000 0.467500 0.022000 0.021000
0 0.432500 0.428500 0.011000 0.011000
0 0.473000 0.427000 0.010000 0.010000
0 0.383500 0.486000 0.031000 0.032000
0 0.324500 0.427500 0.009000 0.009000
0 0.811000 0.737000 0.010000 0.010000
0 0.480500 0.345500 0.009000 0.009000
0 0.469000 0.334000 0.008000 0.008000
0 0.484000 0.051000 0.010000 0.010000
0 0.469500 0.076000 0.031000 0.030000
0 0.443000 0.120000 0.010000 0.010000
0 0.623000 0.058000 0.028000 0.028000
0 0.651000 0.849500 0.010000 0.011000
0 0.475500 0.873000 0.027000 0.028000
