0 0.922500 0.495000 0.011000 0.010000
0 0.866500 0.463500 0.011000 0.011000
0 0.801500 0.406500 0.011000 0.011000
0 0.747000 0.155000 0.010000 0.010000
0 0.661000 0.163000 0.012000 0.012000
0 0.495500 0.162500 0.011000 0.011000
0 0.403000 0.267000 0.012000 0.012000
0 0.153000 0.437000 0.010000 0.010000
0 0.152500 0.453500 0.011000 0.011000
0 0.434500 0.581500 0.011000 0.011000
0 0.399500 0.599500 0.011000 0.011000
0 0.402500 0.736500 0.011000 0.011000
0 0.304000 0.701000 0.012000 0.012000
0 0.546500 0.383000 0.011000 0.012000
0 0.500500 0.381000 0.013000 0.014000
0 0.538000 0.450000 0.012000 0.012000
0 0.651000 0.672000 0.012000 0.012000
0 0.654500 0.494500 0.013000 0.013000
0 0.677500 0.080500 0.011000 0.011000
0 0.569000 0.064500 0.012000 0.011000
0 0.497000 0.041000 0.012000 0.012000
