0 0.767000 0.277000 0.010000 0.010000
0 0.742000 0.297000 0.010000 0.010000
0 0.752000 0.174000 0.010000 0.010000
0 0.668000 0.153000 0.010000 0.010000
0 0.593000 0.215000 0.010000 0.010000
0 0.501000 0.258000 0.010000 0.010000
0 0.572500 0.076500 0.011000 0.011000
0 0.409000 0.212000 0.010000 0.010000
0 0.418000 0.360500 0.010000 0.011000
0 0.220500 0.759000 0.011000 0.012000
0 0.742500 0.675500 0.011000 0.011000
0 0.666500 0.721500 0.011000 0.011000
0 0.660000 0.788000 0.010000 0.010000
0 0.754000 0.860500 0.010000 0.011000
0 0.733000 0.841000 0.010000 0.010000
0 0.661500 0.603500 0.011000 0.011000
0 0.675500 0.421500 0.011000 0.011000
0 0.223500 0.178500 0.011000 0.011000
0 0.234500 0.279500 0.011000 0.011000
0 0.566000 0.316000 0.010000 0.010000
0 0.609500 0.505500 0.011000 0.011000
0 0.475500 0.532000 0.011000 0.012000
0 0.121500 0.335500 0.011000 0.011000
