0 0.885000 0.708000 0.008000 0.008000
0 0.876000 0.737000 0.008000 0.008000
0 0.845000 0.723000 0.022000 0.022000
0 0.803000 0.727000 0.022000 0.022000
0 0.822500 0.763500 0.007000 0.007000
0 0.806500 0.797500 0.007000 0.007000
0 0.775500 0.831500 0.007000 0.007000
0 0.800500 0.803500 0.007000 0.007000
0 0.788000 0.804500 0.024000 0.025000
0 0.761000 0.721500 0.022000 0.023000
0 0.767500 0.706500 0.007000 0.007000
0 0.733500 0.744500 0.007000 0.007000
0 0.695500 0.807500 0.007000 0.007000
0 0.681500 0.790500 0.007000 0.007000
0 0.733500 0.793000 0.021000 0.022000
0 0.740000 0.804500 0.020000 0.021000
0 0.725000 0.807500 0.020000 0.021000
0 0.713000 0.836500 0.022000 0.023000
0 0.713500 0.889500 0.023000 0.023000
0 0.677500 0.842500 0.031000 0.031000
0 0.654500 0.821500 0.007000 0.007000
0 0.673500 0.872500 0.007000 0.007000
0 0.645500 0.919500 0.007000 0.007000
0 0.605500 0.862500 0.007000 0.007000
0 0.599500 0.815500 0.007000 0.007000
0 0.558500 0.824500 0.007000 0.007000
0 0.590500 0.827500 0.007000 0.007000
0 0.530500 0.834500 0.007000 0.007000
0 0.584500 0.873500 0.007000 0.007000
0 0.564500 0.881500 0.007000 0.007000
0 0.615500 0.921500 0.017000 0.017000
0 0.664500 0.887500 0.007000 0.007000
0 0.640500 0.906500 0.007000 0.007000
0 0.644500 0.903500 0.007000 0.007000
0 0.644000 0.883500 0.030000 0.027000
0 0.612500 0.733500 0.007000 0.007000
0 0.598500 0.738500 0.007000 0.007000
0 0.565500 0.757500 0.007000 0.007000
0 0.559500 0.753500 0.007000 0.007000
0 0.513500 0.692500 0.007000 0.007000
0 0.500500 0.647500 0.007000 0.007000
0 0.520500 0.636000 0.023000 0.024000
0 0.625000 0.660500 0.026000 0.027000
0 0.486500 0.728000 0.031000 0.032000
0 0.467500 0.655500 0.007000 0.007000
0 0.443500 0.662000 0.023000 0.024000
0 0.452000 0.661500 0.022000 0.023000
0 0.429500 0.694500 0.007000 0.007000
0 0.413500 0.738500 0.007000 0.007000
0 0.429500 0.738000 0.021000 0.022000
0 0.398500 0.722500 0.007000 0.007000
0 0.372000 0.740000 0.008000 0.008000
0 0.329500 0.717500 0.021000 0.021000
0 0.328000 0.738000 0.020000 0.020000
0 0.368500 0.786000 0.021000 0.022000
0 0.342000 0.798000 0.028000 0.028000
0 0.306500 0.743500 0.019000 0.019000
0 0.304000 0.763000 0.020000 0.020000
0 0.294500 0.778000 0.019000 0.020000
0 0.467000 0.906000 0.022000 0.022000
0 0.327500 0.860500 0.007000 0.007000
0 0.380000 0.860500 0.024000 0.025000
0 0.325000 0.888000 0.024000 0.024000
0 0.368500 0.848500 0.007000 0.007000
0 0.295500 0.826500 0.007000 0.007000
0 0.270500 0.821500 0.007000 0.007000
0 0.247500 0.840500 0.007000 0.007000
0 0.238500 0.829500 0.007000 0.007000
0 0.291500 0.839500 0.007000 0.007000
0 0.286500 0.835500 0.007000 0.007000
0 0.279500 0.833500 0.007000 0.007000
0 0.273500 0.781500 0.007000 0.007000
0 0.268500 0.769500 0.007000 0.007000
0 0.232500 0.695500 0.007000 0.007000
0 0.204500 0.735500 0.007000 0.007000
0 0.230500 0.765500 0.021000 0.021000
0 0.218500 0.742500 0.023000 0.023000
0 0.208000 0.761500 0.018000 0.019000
0 0.209000 0.814000 0.034000 0.036000
0 0.167000 0.777000 0.008000 0.008000
0 0.174000 0.738000 0.032000 0.034000
0 0.156000 0.717500 0.020000 0.021000
0 0.270500 0.616500 0.007000 0.007000
0 0.249000 0.602000 0.022000 0.022000
0 0.212500 0.566000 0.027000 0.028000
0 0.190500 0.559000 0.029000 0.030000
0 0.108000 0.415000 0.008000 0.008000
0 0.128000 0.402000 0.008000 0.008000
0 0.139000 0.377000 0.008000 0.008000
0 0.107000 0.357000 0.008000 0.008000
0 0.124000 0.321000 0.008000 0.008000
0 0.165000 0.381000 0.008000 0.008000
0 0.175000 0.392000 0.008000 0.008000
0 0.175000 0.382000 0.008000 0.008000
0 0.183000 0.408000 0.024000 0.024000
0 0.198500 0.419500 0.007000 0.007000
0 0.186500 0.425500 0.007000 0.007000
0 0.262500 0.445500 0.007000 0.007000
0 0.240500 0.440500 0.007000 0.007000
0 0.254500 0.435500 0.021000 0.023000
0 0.246500 0.399500 0.007000 0.007000
0 0.231500 0.414500 0.007000 0.007000
0 0.198000 0.374500 0.020000 0.021000
0 0.210500 0.401500 0.007000 0.007000
0 0.210500 0.392500 0.007000 0.007000
0 0.220500 0.334500 0.007000 0.007000
0 0.189500 0.335500 0.007000 0.007000
0 0.144000 0.315500 0.022000 0.023000
0 0.241500 0.305500 0.023000 0.023000
0 0.253000 0.280500 0.034000 0.035000
0 0.276500 0.290500 0.007000 0.007000
0 0.230500 0.289500 0.007000 0.007000
0 0.300500 0.325500 0.007000 0.007000
0 0.296500 0.258500 0.007000 0.007000
0 0.204500 0.268000 0.023000 0.024000
0 0.191500 0.281500 0.007000 0.007000
0 0.312500 0.235500 0.007000 0.007000
0 0.232500 0.192500 0.007000 0.007000
0 0.258500 0.241500 0.007000 0.007000
0 0.184500 0.187500 0.007000 0.007000
0 0.181500 0.216500 0.007000 0.007000
0 0.186500 0.166500 0.007000 0.007000
0 0.178500 0.170500 0.007000 0.007000
0 0.273500 0.154500 0.007000 0.007000
0 0.189000 0.239500 0.022000 0.023000
0 0.144500 0.277500 0.011000 0.011000
0 0.148000 0.253500 0.026000 0.027000
0 0.162000 0.240500 0.024000 0.025000
0 0.178000 0.244000 0.022000 0.022000
0 0.249500 0.237500 0.007000 0.007000
0 0.311500 0.142500 0.007000 0.007000
0 0.325500 0.179500 0.007000 0.007000
0 0.363500 0.209000 0.025000 0.026000
0 0.386500 0.149500 0.007000 0.007000
0 0.402500 0.127500 0.007000 0.007000
0 0.448500 0.137500 0.007000 0.007000
0 0.355500 0.098500 0.007000 0.007000
0 0.274500 0.121500 0.007000 0.007000
0 0.393000 0.090500 0.022000 0.021000
0 0.356000 0.057000 0.028000 0.028000
0 0.341500 0.078500 0.007000 0.007000
0 0.273500 0.102500 0.027000 0.027000
0 0.503500 0.143500 0.007000 0.007000
0 0.590000 0.148000 0.008000 0.008000
0 0.578000 0.139000 0.008000 0.008000
0 0.578000 0.162000 0.008000 0.008000
0 0.558000 0.154000 0.008000 0.008000
0 0.581000 0.209000 0.008000 0.008000
0 0.539000 0.194000 0.008000 0.008000
0 0.579000 0.236000 0.008000 0.008000
0 0.566000 0.235000 0.008000 0.008000
0 0.615000 0.276000 0.008000 0.008000
0 0.609000 0.306000 0.008000 0.008000
0 0.581000 0.350000 0.008000 0.008000
0 0.639500 0.417500 0.007000 0.007000
0 0.661500 0.367500 0.007000 0.007000
0 0.661500 0.347500 0.007000 0.007000
0 0.665500 0.359500 0.007000 0.007000
0 0.711500 0.436500 0.007000 0.007000
0 0.689500 0.447500 0.007000 0.007000
0 0.737000 0.475000 0.024000 0.024000
0 0.577000 0.442000 0.024000 0.024000
0 0.622500 0.408500 0.023000 0.023000
0 0.612000 0.340500 0.022000 0.023000
0 0.641500 0.320000 0.021000 0.022000
0 0.704500 0.320000 0.023000 0.024000
0 0.697000 0.327500 0.022000 0.023000
0 0.761500 0.483000 0.023000 0.024000
0 0.699500 0.510500 0.007000 0.007000
0 0.737500 0.508500 0.007000 0.007000
0 0.878500 0.473500 0.007000 0.007000
0 0.858000 0.465500 0.020000 0.021000
0 0.860500 0.474000 0.019000 0.020000
0 0.857000 0.553000 0.022000 0.022000
0 0.924000 0.513500 0.022000 0.023000
0 0.922500 0.526500 0.007000 0.007000
0 0.930000 0.489000 0.022000 0.022000
0 0.894500 0.583500 0.007000 0.007000
0 0.893500 0.593500 0.007000 0.007000
0 0.883500 0.623500 0.007000 0.007000
0 0.859500 0.612000 0.023000 0.024000
0 0.826500 0.605500 0.007000 0.007000
0 0.821500 0.636500 0.007000 0.007000
0 0.744500 0.673500 0.007000 0.007000
0 0.716000 0.124000 0.008000 0.008000
0 0.706000 0.087500 0.024000 0.025000
0 0.405500 0.374500 0.009000 0.009000
0 0.431500 0.338500 0.009000 0.009000
0 0.406500 0.316500 0.007000 0.007000
0 0.390500 0.306500 0.007000 0.007000
0 0.382500 0.287500 0.007000 0.007000
0 0.341500 0.315500 0.007000 0.007000
0 0.353500 0.324500 0.007000 0.007000
0 0.386000 0.323000 0.022000 0.022000
0 0.352000 0.397000 0.022000 0.022000
0 0.317500 0.389500 0.007000 0.007000
0 0.305500 0.384500 0.007000 0.007000
0 0.288500 0.406500 0.007000 0.007000
0 0.294500 0.437500 0.007000 0.007000
0 0.296500 0.416500 0.007000 0.007000
0 0.508500 0.405500 0.009000 0.009000
0 0.390500 0.530500 0.009000 0.009000
0 0.360500 0.504500 0.009000 0.009000
0 0.740500 0.857500 0.007000 0.007000
