0 0.831000 0.756500 0.032000 0.033000
0 0.810000 0.699000 0.008000 0.008000
0 0.792000 0.708000 0.008000 0.008000
0 0.796000 0.704000 0.008000 0.008000
0 0.790500 0.642500 0.023000 0.023000
0 0.781000 0.664500 0.024000 0.027000
0 0.739000 0.584000 0.024000 0.024000
0 0.813500 0.578500 0.009000 0.009000
0 0.942500 0.621500 0.009000 0.009000
0 0.915500 0.483500 0.009000 0.009000
0 0.863500 0.411000 0.025000 0.026000
0 0.813000 0.379500 0.036000 0.037000
0 0.815500 0.342500 0.009000 0.009000
0 0.767500 0.374500 0.009000 0.009000
0 0.740500 0.369500 0.009000 0.009000
0 0.762500 0.438500 0.009000 0.009000
0 0.714500 0.326500 0.009000 0.009000
0 0.751500 0.265000 0.021000 0.022000
0 0.745500 0.278500 0.023000 0.023000
0 0.761000 0.284000 0.008000 0.008000
0 0.664000 0.317000 0.008000 0.008000
0 0.634000 0.300000 0.008000 0.008000
0 0.671000 0.229000 0.008000 0.008000
0 0.628000 0.224000 0.008000 0.008000
0 0.707000 0.197000 0.008000 0.008000
0 0.667000 0.203000 0.008000 0.008000
0 0.545000 0.256000 0.008000 0.008000
0 0.564000 0.172000 0.008000 0.008000
0 0.583500 0.154500 0.037000 0.035000
0 0.560000 0.087000 0.008000 0.008000
0 0.609000 0.121000 0.008000 0.008000
0 0.590000 0.103000 0.008000 0.008000
0 0.569000 0.117000 0.008000 0.008000
0 0.587000 0.136000 0.008000 0.008000
0 0.604000 0.143000 0.008000 0.008000
0 0.513500 0.260000 0.015000 0.016000
0 0.495500 0.248000 0.023000 0.024000
0 0.462000 0.221000 0.026000 0.028000
0 0.398000 0.118000 0.008000 0.008000
0 0.388000 0.104000 0.008000 0.008000
0 0.435500 0.103500 0.031000 0.031000
0 0.458000 0.132000 0.034000 0.034000
0 0.459000 0.110000 0.008000 0.008000
0 0.387000 0.164500 0.032000 0.033000
0 0.385500 0.323500 0.009000 0.009000
0 0.340500 0.235500 0.009000 0.009000
0 0.302500 0.236500 0.009000 0.009000
0 0.299500 0.318000 0.023000 0.024000
0 0.247500 0.298000 0.023000 0.024000
0 0.260500 0.302500 0.009000 0.009000
0 0.239500 0.310500 0.009000 0.009000
0 0.213500 0.301500 0.009000 0.009000
0 0.209500 0.224500 0.009000 0.009000
0 0.181500 0.227500 0.009000 0.009000
0 0.206000 0.343000 0.008000 0.008000
0 0.204000 0.353000 0.008000 0.008000
0 0.144000 0.315000 0.008000 0.008000
0 0.187000 0.402000 0.008000 0.008000
0 0.301000 0.416000 0.008000 0.008000
0 0.132000 0.455000 0.008000 0.008000
0 0.234000 0.489500 0.024000 0.025000
0 0.252000 0.488000 0.008000 0.008000
0 0.324000 0.516000 0.008000 0.008000
0 0.342000 0.476000 0.008000 0.008000
0 0.333000 0.471000 0.008000 0.008000
0 0.328000 0.412000 0.008000 0.008000
0 0.552500 0.589500 0.021000 0.021000
0 0.652500 0.553500 0.009000 0.009000
0 0.569500 0.526500 0.009000 0.009000
0 0.553500 0.527500 0.009000 0.009000
0 0.533500 0.443500 0.009000 0.009000
0 0.562500 0.456500 0.009000 0.009000
0 0.587500 0.437000 0.025000 0.026000
0 0.471500 0.458000 0.023000 0.024000
0 0.480500 0.357500 0.025000 0.027000
0 0.431500 0.593500 0.025000 0.025000
0 0.420500 0.688000 0.025000 0.024000
0 0.492500 0.706000 0.023000 0.024000
0 0.469500 0.747500 0.009000 0.009000
0 0.526500 0.707500 0.009000 0.009000
0 0.546500 0.696500 0.009000 0.009000
0 0.589500 0.707500 0.009000 0.009000
0 0.611500 0.774500 0.009000 0.009000
0 0.564000 0.747500 0.024000 0.025000
0 0.513000 0.751000 0.022000 0.022000
0 0.710500 0.705500 0.025000 0.025000
0 0.663000 0.759000 0.032000 0.034000
0 0.643500 0.772500 0.009000 0.009000
0 0.554500 0.832500 0.009000 0.009000
0 0.568500 0.892500 0.009000 0.009000
0 0.676500 0.873000 0.025000 0.026000
0 0.500000 0.845000 0.008000 0.008000
0 0.546000 0.941000 0.008000 0.008000
0 0.534000 0.934000 0.008000 0.008000
0 0.556000 0.919000 0.008000 0.008000
0 0.550000 0.909000 0.008000 0.008000
0 0.534000 0.898000 0.008000 0.008000
0 0.464500 0.852500 0.029000 0.031000
0 0.444500 0.854000 0.023000 0.026000
0 0.443000 0.834000 0.008000 0.008000
0 0.351000 0.907000 0.008000 0.008000
0 0.334000 0.905000 0.008000 0.008000
0 0.404000 0.847000 0.008000 0.008000
0 0.392000 0.815000 0.008000 0.008000
0 0.370000 0.811500 0.026000 0.025000
0 0.278000 0.879000 0.024000 0.024000
0 0.277500 0.823500 0.025000 0.027000
0 0.274000 0.795500 0.024000 0.025000
0 0.256000 0.753000 0.008000 0.008000
0 0.235000 0.769000 0.008000 0.008000
0 0.305000 0.733000 0.008000 0.008000
0 0.383000 0.735000 0.008000 0.008000
0 0.230000 0.711000 0.008000 0.008000
0 0.309500 0.706500 0.029000 0.031000
0 0.354500 0.737500 0.031000 0.033000
0 0.283000 0.686000 0.008000 0.008000
0 0.376000 0.675000 0.008000 0.008000
0 0.355000 0.678000 0.008000 0.008000
0 0.362000 0.662000 0.008000 0.008000
0 0.393000 0.620000 0.008000 0.008000
0 0.379000 0.606500 0.024000 0.025000
0 0.361500 0.632000 0.023000 0.024000
0 0.368500 0.635500 0.021000 0.021000
0 0.363000 0.649000 0.008000 0.008000
0 0.350000 0.657000 0.008000 0.008000
0 0.285000 0.570000 0.008000 0.008000
0 0.244000 0.605000 0.008000 0.008000
0 0.284000 0.098000 0.030000 0.028000
0 0.251000 0.173000 0.024000 0.024000
0 0.180000 0.703000 0.008000 0.008000
0 0.156500 0.690000 0.017000 0.018000
0 0.163000 0.672500 0.024000 0.025000
0 0.152500 0.657500 0.025000 0.025000
0 0.166000 0.612000 0.008000 0.008000
0 0.138000 0.636000 0.008000 0.008000
0 0.128000 0.592000 0.008000 0.008000
0 0.121000 0.572000 0.008000 0.008000
0 0.072000 0.493000 0.008000 0.008000
0 0.078000 0.615500 0.022000 0.023000
0 0.063000 0.602500 0.032000 0.035000
