0 0.729000 0.377000 0.010000 0.010000
0 0.745000 0.341000 0.010000 0.010000
0 0.745500 0.419500 0.011000 0.011000
0 0.778500 0.440500 0.011000 0.011000
0 0.774000 0.523000 0.012000 0.012000
0 0.775000 0.608000 0.010000 0.010000
0 0.760000 0.604000 0.010000 0.010000
0 0.722000 0.590000 0.010000 0.010000
0 0.717000 0.576000 0.010000 0.010000
0 0.888500 0.723500 0.011000 0.011000
0 0.883500 0.704500 0.011000 0.011000
0 0.890500 0.674500 0.011000 0.011000
0 0.889500 0.640500 0.011000 0.011000
0 0.855500 0.627500 0.011000 0.011000
0 0.848500 0.585500 0.011000 0.011000
0 0.827500 0.706500 0.011000 0.011000
0 0.771500 0.736500 0.011000 0.011000
0 0.806500 0.794500 0.011000 0.011000
0 0.792500 0.827500 0.011000 0.011000
0 0.762000 0.848000 0.012000 0.012000
0 0.735500 0.900500 0.011000 0.011000
0 0.752500 0.700500 0.011000 0.011000
0 0.720500 0.674500 0.011000 0.011000
0 0.662500 0.742500 0.011000 0.011000
0 0.685500 0.639500 0.011000 0.011000
0 0.675500 0.623500 0.011000 0.011000
0 0.679500 0.579500 0.011000 0.011000
0 0.674500 0.602500 0.011000 0.011000
0 0.660000 0.608000 0.010000 0.010000
0 0.805500 0.553500 0.011000 0.011000
0 0.752500 0.509500 0.011000 0.011000
0 0.748000 0.531000 0.010000 0.010000
0 0.740000 0.527000 0.010000 0.010000
0 0.708000 0.532000 0.010000 0.010000
0 0.716000 0.517000 0.010000 0.010000
0 0.682000 0.497000 0.010000 0.010000
0 0.705000 0.495000 0.010000 0.010000
0 0.746000 0.451000 0.010000 0.010000
0 0.739000 0.460000 0.010000 0.010000
0 0.690000 0.479000 0.010000 0.010000
0 0.676000 0.475000 0.010000 0.010000
0 0.695000 0.419000 0.010000 0.010000
0 0.721000 0.423000 0.010000 0.010000
0 0.722000 0.480000 0.010000 0.010000
0 0.712000 0.469000 0.010000 0.010000
0 0.706000 0.471000 0.010000 0.010000
0 0.682000 0.447000 0.010000 0.010000
0 0.631000 0.457000 0.010000 0.010000
0 0.651000 0.426000 0.010000 0.010000
0 0.658000 0.420000 0.010000 0.010000
0 0.619000 0.422000 0.010000 0.010000
0 0.626000 0.415000 0.010000 0.010000
0 0.655000 0.369000 0.010000 0.010000
0 0.628000 0.390000 0.010000 0.010000
0 0.556000 0.408000 0.010000 0.010000
0 0.561000 0.454000 0.010000 0.010000
0 0.550000 0.458000 0.010000 0.010000
0 0.549000 0.462000 0.010000 0.010000
0 0.640000 0.531000 0.010000 0.010000
0 0.527000 0.549000 0.010000 0.010000
0 0.519000 0.524000 0.010000 0.010000
0 0.507000 0.519000 0.010000 0.010000
0 0.509000 0.496000 0.010000 0.010000
0 0.513000 0.583000 0.010000 0.010000
0 0.513500 0.628500 0.011000 0.011000
0 0.604500 0.636500 0.011000 0.011000
0 0.604500 0.672500 0.011000 0.011000
0 0.538500 0.721500 0.011000 0.011000
0 0.531500 0.743500 0.011000 0.011000
0 0.572500 0.769500 0.011000 0.011000
0 0.579000 0.846000 0.010000 0.010000
0 0.535000 0.900000 0.010000 0.010000
0 0.449000 0.945000 0.010000 0.010000
0 0.449000 0.958000 0.010000 0.010000
0 0.433000 0.959000 0.010000 0.010000
0 0.465000 0.895000 0.010000 0.010000
0 0.443000 0.895000 0.010000 0.010000
0 0.434000 0.862000 0.010000 0.010000
0 0.347500 0.912500 0.009000 0.009000
0 0.340500 0.918500 0.009000 0.009000
0 0.367500 0.892500 0.009000 0.009000
0 0.327500 0.896500 0.009000 0.009000
0 0.309500 0.897500 0.009000 0.009000
0 0.297500 0.884500 0.009000 0.009000
0 0.375500 0.862500 0.009000 0.009000
0 0.364500 0.861500 0.009000 0.009000
0 0.366500 0.881500 0.009000 0.009000
0 0.419000 0.838000 0.010000 0.010000
0 0.354500 0.874500 0.009000 0.009000
0 0.355500 0.879500 0.009000 0.009000
0 0.258500 0.878500 0.009000 0.009000
0 0.231500 0.880500 0.009000 0.009000
0 0.202500 0.829500 0.009000 0.009000
0 0.208500 0.811500 0.011000 0.011000
0 0.293500 0.821500 0.009000 0.009000
0 0.318500 0.810500 0.009000 0.009000
0 0.343500 0.793500 0.011000 0.011000
0 0.341500 0.768500 0.011000 0.011000
0 0.295500 0.790500 0.011000 0.011000
0 0.461500 0.816500 0.011000 0.011000
0 0.456500 0.788500 0.011000 0.011000
0 0.447500 0.665500 0.011000 0.011000
0 0.440500 0.690500 0.011000 0.011000
0 0.428500 0.696500 0.011000 0.011000
0 0.404500 0.668500 0.011000 0.011000
0 0.371500 0.684500 0.011000 0.011000
0 0.318000 0.672000 0.010000 0.010000
0 0.322000 0.688000 0.010000 0.010000
0 0.271000 0.657000 0.010000 0.010000
0 0.252000 0.674000 0.010000 0.010000
0 0.311000 0.615000 0.010000 0.010000
0 0.286000 0.614000 0.010000 0.010000
0 0.209000 0.650000 0.012000 0.012000
0 0.205000 0.617000 0.010000 0.010000
0 0.210000 0.752000 0.010000 0.010000
0 0.142000 0.751000 0.010000 0.010000
0 0.138000 0.728000 0.010000 0.010000
0 0.137000 0.660000 0.010000 0.010000
0 0.151500 0.646500 0.011000 0.011000
0 0.153500 0.594500 0.011000 0.011000
0 0.183000 0.583500 0.010000 0.011000
0 0.274000 0.532500 0.010000 0.011000
0 0.303500 0.557500 0.011000 0.011000
0 0.221000 0.574000 0.010000 0.010000
0 0.248000 0.582000 0.010000 0.010000
0 0.260000 0.603000 0.010000 0.010000
0 0.256000 0.595500 0.010000 0.009000
0 0.203500 0.488000 0.011000 0.012000
0 0.225000 0.554500 0.010000 0.011000
0 0.225500 0.531500 0.009000 0.009000
0 0.227000 0.538000 0.010000 0.010000
0 0.779000 0.883000 0.012000 0.012000
0 0.662500 0.904500 0.011000 0.011000
0 0.626500 0.891500 0.011000 0.011000
0 0.669500 0.808500 0.011000 0.011000
0 0.673500 0.936500 0.011000 0.011000
0 0.664500 0.937500 0.011000 0.011000
0 0.482500 0.615500 0.011000 0.011000
0 0.433500 0.626500 0.011000 0.011000
0 0.416500 0.626500 0.011000 0.011000
0 0.418500 0.602500 0.011000 0.011000
0 0.423500 0.574500 0.011000 0.011000
0 0.446500 0.566500 0.011000 0.011000
0 0.464500 0.558500 0.011000 0.011000
0 0.374500 0.586500 0.011000 0.011000
0 0.409500 0.513500 0.011000 0.011000
0 0.359500 0.525500 0.011000 0.011000
0 0.350500 0.523500 0.011000 0.011000
0 0.449500 0.486500 0.011000 0.011000
0 0.476500 0.472500 0.011000 0.011000
0 0.460500 0.447500 0.011000 0.011000
0 0.400500 0.478500 0.011000 0.011000
0 0.428500 0.418500 0.011000 0.011000
0 0.382500 0.421500 0.011000 0.011000
0 0.374500 0.461500 0.011000 0.011000
0 0.368500 0.454500 0.011000 0.011000
0 0.494500 0.422500 0.011000 0.011000
0 0.482500 0.415500 0.011000 0.011000
0 0.458500 0.396500 0.011000 0.011000
0 0.451500 0.397500 0.011000 0.011000
0 0.301500 0.392500 0.011000 0.011000
0 0.279500 0.438500 0.011000 0.011000
0 0.395500 0.348500 0.011000 0.011000
0 0.463500 0.342500 0.011000 0.011000
0 0.535500 0.320500 0.011000 0.011000
0 0.522500 0.298500 0.011000 0.011000
0 0.605500 0.284500 0.011000 0.011000
0 0.616500 0.344500 0.011000 0.011000
0 0.603500 0.339500 0.011000 0.011000
0 0.581500 0.339500 0.011000 0.011000
0 0.659500 0.315500 0.011000 0.011000
0 0.644500 0.326500 0.011000 0.011000
0 0.723500 0.233500 0.011000 0.011000
0 0.727000 0.256000 0.012000 0.012000
0 0.820000 0.285500 0.012000 0.013000
0 0.739500 0.202500 0.011000 0.011000
0 0.732500 0.204500 0.011000 0.011000
0 0.665500 0.170500 0.011000 0.011000
0 0.578500 0.195500 0.011000 0.011000
0 0.540500 0.227500 0.011000 0.011000
0 0.529500 0.252500 0.011000 0.011000
0 0.451500 0.264500 0.011000 0.011000
0 0.384000 0.290000 0.010000 0.010000
0 0.431500 0.310500 0.011000 0.011000
0 0.421000 0.314000 0.010000 0.010000
0 0.414000 0.252000 0.010000 0.010000
0 0.408500 0.247500 0.011000 0.011000
0 0.377000 0.203000 0.010000 0.010000
0 0.424000 0.189000 0.010000 0.010000
0 0.361000 0.220000 0.010000 0.010000
0 0.387500 0.273000 0.009000 0.010000
0 0.398000 0.279000 0.010000 0.010000
0 0.403000 0.290000 0.010000 0.010000
0 0.397000 0.297000 0.010000 0.010000
0 0.467000 0.182000 0.010000 0.010000
0 0.433000 0.183000 0.010000 0.010000
0 0.425000 0.170000 0.010000 0.010000
0 0.487000 0.142000 0.010000 0.010000
0 0.476000 0.134000 0.010000 0.010000
0 0.459000 0.089000 0.010000 0.010000
0 0.409000 0.133000 0.010000 0.010000
0 0.394000 0.155000 0.010000 0.010000
0 0.532000 0.107000 0.010000 0.010000
0 0.399000 0.103000 0.010000 0.010000
0 0.409000 0.083000 0.010000 0.010000
0 0.372500 0.101500 0.011000 0.011000
0 0.882500 0.533500 0.011000 0.011000
0 0.836000 0.511000 0.010000 0.010000
0 0.824000 0.523000 0.010000 0.010000
0 0.863500 0.465500 0.011000 0.011000
0 0.825500 0.436500 0.011000 0.011000
0 0.812000 0.446000 0.010000 0.010000
0 0.832000 0.476000 0.010000 0.010000
0 0.812500 0.475500 0.009000 0.009000
0 0.802500 0.474000 0.009000 0.010000
0 0.797000 0.477000 0.010000 0.010000
0 0.957500 0.417500 0.011000 0.011000
0 0.912500 0.382500 0.011000 0.011000
0 0.899500 0.380500 0.011000 0.011000
0 0.861500 0.309500 0.011000 0.011000
0 0.497000 0.886000 0.010000 0.010000
0 0.069000 0.686000 0.010000 0.010000
0 0.052000 0.627000 0.010000 0.010000
0 0.060000 0.661000 0.010000 0.010000
0 0.049000 0.550000 0.010000 0.010000
0 0.056000 0.510000 0.010000 0.010000
0 0.089000 0.495000 0.010000 0.010000
0 0.070000 0.486000 0.010000 0.010000
0 0.063000 0.485000 0.010000 0.010000
0 0.073000 0.448000 0.010000 0.010000
0 0.086000 0.411000 0.010000 0.010000
0 0.071000 0.369000 0.010000 0.010000
0 0.247000 0.260000 0.012000 0.012000
0 0.279500 0.208500 0.011000 0.011000
0 0.296500 0.139500 0.011000 0.011000
