0 0.820500 0.643000 0.023000 0.022000
0 0.778000 0.621000 0.022000 0.024000
0 0.699500 0.577000 0.025000 0.024000
0 0.685000 0.605000 0.022000 0.022000
0 0.666000 0.666000 0.024000 0.024000
0 0.555000 0.557500 0.024000 0.025000
0 0.525000 0.580500 0.026000 0.025000
0 0.518000 0.624500 0.026000 0.027000
0 0.391000 0.614500 0.022000 0.023000
0 0.230500 0.516000 0.023000 0.022000
0 0.334000 0.477000 0.024000 0.026000
0 0.327000 0.454000 0.026000 0.026000
0 0.231500 0.417500 0.027000 0.029000
0 0.192500 0.428000 0.025000 0.026000
0 0.258500 0.315500 0.023000 0.023000
0 0.447000 0.097000 0.022000 0.022000
0 0.294000 0.156500 0.026000 0.027000
0 0.427500 0.519000 0.025000 0.026000
0 0.433500 0.356000 0.025000 0.026000
0 0.754000 0.360500 0.026000 0.029000
0 0.626000 0.097000 0.026000 0.028000
0 0.338500 0.782000 0.025000 0.024000
0 0.848000 0.405500 0.014000 0.015000
