0 0.920000 0.413000 0.010000 0.012000
0 0.919000 0.437500 0.010000 0.011000
0 0.918000 0.486000 0.010000 0.012000
0 0.915000 0.552000 0.010000 0.010000
0 0.908000 0.583500 0.010000 0.011000
0 0.869500 0.723500 0.011000 0.011000
0 0.894000 0.689500 0.010000 0.011000
0 0.899000 0.677000 0.010000 0.010000
0 0.892000 0.661000 0.010000 0.010000
0 0.882000 0.675000 0.010000 0.010000
0 0.873000 0.655000 0.010000 0.010000
0 0.788000 0.588500 0.010000 0.011000
0 0.811000 0.546000 0.012000 0.012000
0 0.748000 0.601000 0.012000 0.012000
0 0.720500 0.589500 0.011000 0.011000
0 0.704000 0.602500 0.010000 0.011000
0 0.688500 0.589500 0.011000 0.011000
0 0.704500 0.661000 0.011000 0.010000
0 0.666000 0.651000 0.012000 0.012000
0 0.685500 0.690500 0.011000 0.011000
0 0.670000 0.703500 0.010000 0.011000
0 0.638000 0.674000 0.010000 0.010000
0 0.838000 0.810000 0.010000 0.010000
0 0.830500 0.785000 0.011000 0.010000
0 0.791000 0.776000 0.010000 0.010000
0 0.774000 0.784000 0.010000 0.010000
0 0.755000 0.825000 0.010000 0.010000
0 0.739500 0.808500 0.011000 0.011000
0 0.720500 0.821500 0.011000 0.011000
0 0.703500 0.822500 0.011000 0.011000
0 0.693000 0.865000 0.010000 0.010000
0 0.708500 0.854500 0.011000 0.011000
0 0.704000 0.851000 0.010000 0.010000
0 0.778000 0.856500 0.010000 0.011000
0 0.874500 0.763000 0.011000 0.012000
0 0.656000 0.773000 0.010000 0.010000
0 0.652000 0.783000 0.010000 0.010000
0 0.639000 0.779000 0.010000 0.010000
0 0.613000 0.814500 0.010000 0.011000
0 0.627000 0.762000 0.010000 0.010000
0 0.619500 0.756000 0.011000 0.010000
0 0.554000 0.752000 0.010000 0.010000
0 0.523000 0.759000 0.010000 0.010000
0 0.487500 0.778000 0.011000 0.010000
0 0.553000 0.830500 0.010000 0.011000
0 0.634000 0.893000 0.010000 0.010000
0 0.609500 0.906000 0.011000 0.010000
0 0.581500 0.917000 0.011000 0.010000
0 0.520000 0.913000 0.010000 0.010000
0 0.568500 0.883000 0.011000 0.010000
0 0.490500 0.947500 0.011000 0.011000
0 0.466000 0.910000 0.010000 0.010000
0 0.538000 0.854500 0.010000 0.011000
0 0.491000 0.855000 0.010000 0.010000
0 0.456000 0.806000 0.010000 0.010000
0 0.419500 0.786000 0.011000 0.010000
0 0.430000 0.848000 0.010000 0.010000
0 0.427000 0.835000 0.010000 0.010000
0 0.448000 0.835000 0.010000 0.010000
0 0.458000 0.836000 0.010000 0.010000
0 0.457000 0.842000 0.010000 0.010000
0 0.389000 0.851000 0.010000 0.010000
0 0.390000 0.862000 0.010000 0.010000
0 0.351500 0.840500 0.011000 0.011000
0 0.355500 0.859500 0.011000 0.011000
0 0.306000 0.913000 0.010000 0.010000
0 0.326000 0.848000 0.010000 0.010000
0 0.317500 0.846500 0.011000 0.011000
0 0.281000 0.884000 0.012000 0.010000
0 0.261000 0.872000 0.010000 0.010000
0 0.267000 0.898000 0.010000 0.010000
0 0.259000 0.890000 0.010000 0.010000
0 0.246500 0.898000 0.011000 0.010000
0 0.322500 0.687500 0.011000 0.011000
0 0.249500 0.626000 0.011000 0.010000
0 0.232500 0.656000 0.011000 0.010000
0 0.368500 0.645000 0.011000 0.010000
0 0.309000 0.614000 0.012000 0.012000
0 0.342000 0.562000 0.012000 0.012000
0 0.288500 0.604500 0.011000 0.011000
0 0.260000 0.588000 0.010000 0.010000
0 0.263500 0.546000 0.011000 0.010000
0 0.250000 0.569000 0.010000 0.010000
0 0.198000 0.608000 0.010000 0.010000
0 0.211000 0.582000 0.010000 0.010000
0 0.171500 0.564500 0.011000 0.011000
0 0.190000 0.539000 0.010000 0.010000
0 0.197000 0.494000 0.010000 0.010000
0 0.291000 0.499000 0.010000 0.010000
0 0.319000 0.446000 0.010000 0.010000
0 0.310000 0.425000 0.010000 0.010000
0 0.261000 0.481000 0.010000 0.010000
0 0.287500 0.439500 0.009000 0.009000
0 0.291500 0.435500 0.009000 0.009000
0 0.305500 0.389500 0.009000 0.009000
0 0.317500 0.371500 0.009000 0.009000
0 0.312500 0.357500 0.009000 0.009000
0 0.301500 0.333500 0.009000 0.009000
0 0.344000 0.317500 0.010000 0.009000
0 0.377000 0.356000 0.010000 0.010000
0 0.369000 0.376000 0.010000 0.010000
0 0.344500 0.360000 0.011000 0.010000
0 0.336000 0.369000 0.010000 0.010000
0 0.348000 0.373000 0.010000 0.010000
0 0.343500 0.385000 0.011000 0.010000
0 0.428000 0.359000 0.010000 0.010000
0 0.440000 0.396000 0.010000 0.010000
0 0.441000 0.418000 0.010000 0.010000
0 0.478000 0.440000 0.010000 0.010000
0 0.400000 0.435000 0.010000 0.010000
0 0.380000 0.432000 0.010000 0.010000
0 0.350000 0.438000 0.010000 0.010000
0 0.358000 0.458000 0.010000 0.010000
0 0.382000 0.493000 0.010000 0.010000
0 0.437000 0.510000 0.010000 0.010000
0 0.473000 0.482000 0.010000 0.010000
0 0.491000 0.459000 0.010000 0.010000
0 0.526000 0.440000 0.010000 0.010000
0 0.455000 0.453000 0.010000 0.010000
0 0.444000 0.448000 0.010000 0.010000
0 0.441000 0.482000 0.010000 0.010000
0 0.434000 0.483000 0.010000 0.010000
0 0.574000 0.390000 0.010000 0.010000
0 0.548000 0.332000 0.010000 0.010000
0 0.562000 0.325000 0.010000 0.010000
0 0.574000 0.305000 0.010000 0.010000
0 0.527000 0.384000 0.010000 0.010000
0 0.520000 0.375000 0.010000 0.010000
0 0.513000 0.385000 0.010000 0.010000
0 0.498000 0.382000 0.010000 0.010000
0 0.496000 0.372000 0.010000 0.010000
0 0.503000 0.363000 0.010000 0.010000
0 0.506000 0.351000 0.010000 0.010000
0 0.472000 0.310500 0.012000 0.011000
0 0.448500 0.288500 0.011000 0.011000
0 0.414500 0.300500 0.011000 0.011000
0 0.400500 0.270500 0.011000 0.011000
0 0.513000 0.280500 0.010000 0.011000
0 0.578500 0.254500 0.011000 0.011000
0 0.566000 0.250000 0.010000 0.010000
0 0.563500 0.260000 0.011000 0.010000
0 0.544000 0.263500 0.010000 0.011000
0 0.630000 0.280000 0.010000 0.010000
0 0.666000 0.318500 0.012000 0.011000
0 0.710500 0.348500 0.011000 0.011000
0 0.725500 0.352500 0.011000 0.011000
0 0.745500 0.337500 0.011000 0.011000
0 0.738000 0.398500 0.012000 0.011000
0 0.864500 0.418000 0.011000 0.012000
0 0.834000 0.412500 0.010000 0.011000
0 0.817000 0.395000 0.010000 0.010000
0 0.826500 0.361500 0.011000 0.011000
0 0.867500 0.304500 0.011000 0.011000
0 0.829500 0.339500 0.011000 0.011000
0 0.766000 0.282000 0.010000 0.012000
0 0.738000 0.300000 0.010000 0.010000
0 0.808000 0.291000 0.010000 0.010000
0 0.811000 0.295000 0.010000 0.010000
0 0.791000 0.234500 0.010000 0.011000
0 0.772000 0.217000 0.010000 0.010000
0 0.766000 0.236500 0.010000 0.011000
0 0.758000 0.190000 0.010000 0.010000
0 0.730500 0.238000 0.011000 0.012000
0 0.704500 0.264500 0.011000 0.011000
0 0.709000 0.230000 0.010000 0.010000
0 0.658000 0.193000 0.012000 0.012000
0 0.826000 0.481000 0.010000 0.010000
0 0.835500 0.493500 0.011000 0.011000
0 0.729500 0.495500 0.011000 0.011000
0 0.717500 0.513000 0.011000 0.010000
0 0.652000 0.503000 0.010000 0.010000
0 0.614500 0.492500 0.011000 0.011000
0 0.592500 0.652000 0.011000 0.010000
0 0.581500 0.679000 0.011000 0.010000
0 0.575500 0.715500 0.011000 0.011000
0 0.564500 0.713500 0.011000 0.011000
0 0.566500 0.721500 0.011000 0.011000
0 0.532000 0.688500 0.010000 0.011000
0 0.514000 0.726500 0.010000 0.011000
0 0.476500 0.732500 0.011000 0.011000
0 0.472000 0.749500 0.012000 0.011000
0 0.428500 0.707500 0.011000 0.011000
0 0.516000 0.641000 0.010000 0.010000
0 0.506000 0.609500 0.010000 0.011000
0 0.451000 0.597000 0.010000 0.010000
0 0.441000 0.644000 0.010000 0.010000
0 0.098500 0.699500 0.011000 0.011000
0 0.080500 0.661000 0.011000 0.010000
0 0.061500 0.665000 0.011000 0.010000
0 0.080500 0.709500 0.011000 0.011000
0 0.111500 0.622500 0.011000 0.011000
0 0.048500 0.573500 0.033000 0.035000
0 0.057500 0.598500 0.049000 0.047000
0 0.082500 0.532000 0.011000 0.010000
0 0.098500 0.515000 0.011000 0.010000
0 0.032500 0.507000 0.011000 0.010000
0 0.117000 0.461500 0.012000 0.011000
0 0.098500 0.474500 0.011000 0.011000
0 0.151500 0.417500 0.011000 0.011000
0 0.054500 0.461500 0.019000 0.021000
0 0.098500 0.410000 0.011000 0.012000
0 0.105000 0.436500 0.012000 0.011000
0 0.095500 0.430500 0.011000 0.011000
0 0.161500 0.378500 0.011000 0.011000
0 0.256500 0.334500 0.009000 0.009000
0 0.264500 0.372500 0.009000 0.009000
0 0.274500 0.402500 0.009000 0.009000
0 0.278500 0.408000 0.009000 0.010000
0 0.244000 0.445000 0.010000 0.010000
0 0.249000 0.467000 0.010000 0.010000
0 0.242000 0.460000 0.010000 0.010000
0 0.235500 0.461000 0.011000 0.010000
0 0.205500 0.461000 0.011000 0.010000
0 0.192000 0.468000 0.010000 0.010000
0 0.218000 0.406000 0.010000 0.010000
0 0.219000 0.413000 0.010000 0.010000
0 0.217000 0.432000 0.010000 0.010000
0 0.215000 0.442000 0.010000 0.010000
0 0.208000 0.435000 0.010000 0.010000
0 0.664000 0.411000 0.010000 0.010000
0 0.665000 0.424500 0.010000 0.011000
0 0.541000 0.203000 0.010000 0.012000
0 0.543000 0.174500 0.010000 0.011000
0 0.532000 0.185000 0.010000 0.010000
0 0.516000 0.175000 0.010000 0.010000
0 0.507000 0.179000 0.010000 0.010000
0 0.499500 0.189500 0.009000 0.009000
0 0.489000 0.189000 0.010000 0.010000
0 0.729000 0.135000 0.010000 0.010000
0 0.611000 0.085000 0.012000 0.012000
0 0.627000 0.106000 0.012000 0.012000
0 0.484500 0.133500 0.011000 0.011000
0 0.478500 0.160500 0.011000 0.011000
0 0.450500 0.198500 0.011000 0.011000
0 0.438500 0.115500 0.011000 0.011000
0 0.431000 0.174000 0.010000 0.010000
0 0.426000 0.180000 0.010000 0.010000
0 0.392000 0.190000 0.010000 0.010000
0 0.388000 0.212000 0.010000 0.010000
0 0.382000 0.204000 0.010000 0.010000
0 0.343000 0.209000 0.010000 0.010000
0 0.342000 0.216000 0.010000 0.010000
0 0.378000 0.236000 0.010000 0.010000
0 0.357000 0.262000 0.010000 0.010000
0 0.291500 0.273500 0.011000 0.011000
0 0.225500 0.295500 0.011000 0.011000
0 0.193000 0.326000 0.012000 0.012000
0 0.247500 0.295500 0.009000 0.009000
0 0.250000 0.299000 0.010000 0.010000
0 0.228000 0.241000 0.010000 0.010000
0 0.223000 0.214000 0.010000 0.010000
0 0.240000 0.207000 0.010000 0.010000
0 0.273000 0.202000 0.010000 0.010000
0 0.257000 0.252000 0.010000 0.010000
0 0.263500 0.249500 0.011000 0.011000
0 0.307500 0.170500 0.011000 0.011000
0 0.284500 0.149500 0.011000 0.011000
0 0.272000 0.176000 0.010000 0.010000
0 0.259500 0.161500 0.011000 0.011000
0 0.237500 0.140500 0.011000 0.011000
0 0.223000 0.175000 0.010000 0.010000
0 0.211500 0.161500 0.011000 0.011000
0 0.363500 0.126500 0.011000 0.011000
0 0.466500 0.070500 0.011000 0.011000
0 0.404500 0.097500 0.011000 0.011000
