0 0.814000 0.184000 0.008000 0.008000
0 0.833000 0.276000 0.008000 0.008000
0 0.827000 0.203000 0.034000 0.034000
0 0.863000 0.238500 0.028000 0.029000
0 0.880000 0.234500 0.024000 0.025000
0 0.843000 0.308000 0.008000 0.008000
0 0.870000 0.329000 0.008000 0.008000
0 0.880000 0.344000 0.008000 0.008000
0 0.877500 0.370500 0.029000 0.029000
0 0.881000 0.404000 0.028000 0.026000
0 0.927000 0.459000 0.008000 0.008000
0 0.879000 0.461000 0.008000 0.008000
0 0.887000 0.430000 0.008000 0.008000
0 0.889000 0.422000 0.008000 0.008000
0 0.876000 0.437000 0.008000 0.008000
0 0.932500 0.507500 0.027000 0.029000
0 0.905000 0.524000 0.008000 0.008000
0 0.819000 0.532000 0.034000 0.034000
0 0.782500 0.579500 0.027000 0.027000
0 0.829000 0.614000 0.010000 0.010000
0 0.768000 0.600000 0.010000 0.010000
0 0.746000 0.645000 0.010000 0.010000
0 0.725500 0.557500 0.009000 0.009000
0 0.684500 0.560500 0.009000 0.009000
0 0.684000 0.586500 0.032000 0.029000
0 0.813000 0.482000 0.026000 0.026000
0 0.766500 0.551500 0.009000 0.009000
0 0.743500 0.492500 0.009000 0.009000
0 0.770500 0.511500 0.025000 0.025000
0 0.765000 0.524500 0.022000 0.023000
0 0.787000 0.482000 0.024000 0.026000
0 0.770500 0.476500 0.009000 0.009000
0 0.800500 0.460500 0.009000 0.009000
0 0.785500 0.427500 0.009000 0.009000
0 0.776500 0.418500 0.009000 0.009000
0 0.770500 0.410500 0.009000 0.009000
0 0.808500 0.404500 0.023000 0.023000
0 0.789500 0.403500 0.029000 0.031000
0 0.759500 0.369500 0.009000 0.009000
0 0.756500 0.376500 0.009000 0.009000
0 0.820500 0.387500 0.009000 0.009000
0 0.839500 0.377500 0.009000 0.009000
0 0.835500 0.371500 0.009000 0.009000
0 0.818000 0.340000 0.028000 0.028000
0 0.796000 0.350000 0.028000 0.028000
0 0.796500 0.321500 0.023000 0.023000
0 0.825000 0.297000 0.026000 0.026000
0 0.787000 0.255500 0.028000 0.027000
0 0.740000 0.235000 0.008000 0.008000
0 0.727000 0.227000 0.008000 0.008000
0 0.707000 0.248000 0.008000 0.008000
0 0.755000 0.182000 0.010000 0.010000
0 0.675000 0.224000 0.008000 0.008000
0 0.660000 0.234000 0.008000 0.008000
0 0.707000 0.202000 0.008000 0.008000
0 0.690000 0.197000 0.008000 0.008000
0 0.724000 0.157000 0.008000 0.008000
0 0.681000 0.203000 0.008000 0.008000
0 0.675000 0.199000 0.008000 0.008000
0 0.755500 0.135500 0.029000 0.029000
0 0.764500 0.142000 0.031000 0.032000
0 0.641500 0.191500 0.027000 0.027000
0 0.608000 0.213000 0.028000 0.028000
0 0.553000 0.207000 0.030000 0.030000
0 0.538000 0.313000 0.030000 0.030000
0 0.507000 0.310000 0.040000 0.042000
0 0.448500 0.350000 0.041000 0.044000
0 0.430000 0.434000 0.034000 0.036000
0 0.506000 0.533000 0.030000 0.030000
0 0.466500 0.652500 0.043000 0.041000
0 0.561000 0.664500 0.036000 0.037000
0 0.532000 0.753500 0.028000 0.027000
0 0.624500 0.500500 0.009000 0.009000
0 0.708000 0.487500 0.026000 0.025000
0 0.597000 0.472500 0.030000 0.029000
0 0.654500 0.454500 0.009000 0.009000
0 0.677500 0.462500 0.009000 0.009000
0 0.682500 0.401500 0.035000 0.037000
0 0.724500 0.438500 0.021000 0.021000
0 0.653500 0.395500 0.009000 0.009000
0 0.723500 0.357500 0.025000 0.025000
0 0.700500 0.329500 0.009000 0.009000
0 0.676500 0.337000 0.039000 0.038000
0 0.916500 0.687500 0.009000 0.009000
0 0.910500 0.668500 0.009000 0.009000
0 0.875500 0.718500 0.009000 0.009000
0 0.838500 0.746500 0.009000 0.009000
0 0.843000 0.764000 0.024000 0.026000
0 0.806500 0.757500 0.025000 0.025000
0 0.804500 0.786500 0.009000 0.009000
0 0.813500 0.799500 0.009000 0.009000
0 0.768000 0.782000 0.024000 0.026000
0 0.756500 0.798500 0.009000 0.009000
0 0.733500 0.783500 0.009000 0.009000
0 0.754500 0.710500 0.009000 0.009000
0 0.722500 0.727500 0.009000 0.009000
0 0.693500 0.724500 0.009000 0.009000
0 0.716500 0.756500 0.009000 0.009000
0 0.722500 0.764500 0.009000 0.009000
0 0.694500 0.792500 0.009000 0.009000
0 0.684500 0.787500 0.009000 0.009000
0 0.660500 0.789500 0.009000 0.009000
0 0.653500 0.796500 0.009000 0.009000
0 0.647500 0.819500 0.009000 0.009000
0 0.625500 0.800500 0.009000 0.009000
0 0.604000 0.822000 0.008000 0.008000
0 0.579000 0.843000 0.008000 0.008000
0 0.622500 0.869000 0.027000 0.026000
0 0.502500 0.959000 0.031000 0.030000
0 0.516000 0.879000 0.026000 0.026000
0 0.488000 0.892000 0.024000 0.024000
0 0.466500 0.917500 0.025000 0.025000
0 0.432000 0.898500 0.024000 0.023000
0 0.456000 0.893500 0.024000 0.023000
0 0.440000 0.887000 0.022000 0.022000
0 0.453500 0.868000 0.029000 0.028000
0 0.410000 0.864500 0.026000 0.025000
0 0.491000 0.814000 0.008000 0.008000
0 0.486000 0.870000 0.008000 0.008000
0 0.423000 0.879000 0.008000 0.008000
0 0.367000 0.868000 0.008000 0.008000
0 0.359500 0.851000 0.027000 0.026000
0 0.322000 0.871000 0.008000 0.008000
0 0.301000 0.871000 0.008000 0.008000
0 0.282000 0.883000 0.008000 0.008000
0 0.262000 0.858000 0.008000 0.008000
0 0.290000 0.868000 0.008000 0.008000
0 0.283000 0.868000 0.008000 0.008000
0 0.249000 0.851000 0.008000 0.008000
0 0.246500 0.885000 0.029000 0.030000
0 0.268000 0.901000 0.030000 0.032000
0 0.228000 0.812000 0.008000 0.008000
0 0.196000 0.811000 0.008000 0.008000
0 0.178000 0.846000 0.008000 0.008000
0 0.203000 0.778500 0.026000 0.027000
0 0.300000 0.828000 0.032000 0.032000
0 0.275000 0.791500 0.026000 0.027000
0 0.260000 0.780000 0.024000 0.026000
0 0.310500 0.766500 0.027000 0.027000
0 0.317000 0.779000 0.008000 0.008000
0 0.282000 0.724500 0.022000 0.023000
0 0.298500 0.705500 0.023000 0.025000
0 0.339000 0.778000 0.008000 0.008000
0 0.236000 0.732000 0.008000 0.008000
0 0.235000 0.705000 0.008000 0.008000
0 0.233000 0.695000 0.008000 0.008000
0 0.291000 0.679000 0.008000 0.008000
0 0.362000 0.683000 0.008000 0.008000
0 0.361000 0.708000 0.008000 0.008000
0 0.354000 0.724000 0.008000 0.008000
0 0.352000 0.744000 0.008000 0.008000
0 0.369500 0.741500 0.025000 0.025000
0 0.383000 0.748000 0.008000 0.008000
0 0.389000 0.758000 0.008000 0.008000
0 0.377000 0.796500 0.024000 0.025000
0 0.346000 0.837000 0.008000 0.008000
0 0.341000 0.821000 0.008000 0.008000
0 0.354000 0.801000 0.008000 0.008000
0 0.389000 0.842000 0.008000 0.008000
0 0.333000 0.801000 0.026000 0.026000
0 0.374000 0.822000 0.008000 0.008000
0 0.414500 0.842000 0.021000 0.020000
0 0.400500 0.825000 0.023000 0.022000
0 0.413500 0.814000 0.025000 0.024000
0 0.476000 0.816000 0.008000 0.008000
0 0.467000 0.808000 0.008000 0.008000
0 0.456000 0.820000 0.008000 0.008000
0 0.450000 0.794000 0.008000 0.008000
0 0.439000 0.796000 0.008000 0.008000
0 0.412000 0.783000 0.008000 0.008000
0 0.413000 0.797000 0.008000 0.008000
0 0.428000 0.742000 0.008000 0.008000
0 0.423000 0.748000 0.008000 0.008000
0 0.490000 0.757000 0.008000 0.008000
0 0.479000 0.769000 0.008000 0.008000
0 0.505000 0.776000 0.008000 0.008000
0 0.493000 0.791000 0.008000 0.008000
0 0.488000 0.798000 0.008000 0.008000
0 0.507000 0.760000 0.008000 0.008000
0 0.513000 0.754000 0.008000 0.008000
0 0.720000 0.671000 0.010000 0.010000
0 0.682000 0.689000 0.038000 0.038000
0 0.622500 0.735500 0.009000 0.009000
0 0.625500 0.663500 0.009000 0.009000
0 0.626500 0.655500 0.009000 0.009000
0 0.639500 0.703500 0.009000 0.009000
0 0.637500 0.707500 0.009000 0.009000
0 0.672500 0.595500 0.009000 0.009000
0 0.503500 0.608500 0.009000 0.009000
0 0.519500 0.620500 0.009000 0.009000
0 0.522500 0.636500 0.009000 0.009000
0 0.544500 0.642500 0.009000 0.009000
0 0.438500 0.602500 0.009000 0.009000
0 0.430500 0.536500 0.009000 0.009000
0 0.543500 0.529500 0.009000 0.009000
0 0.581500 0.529500 0.009000 0.009000
0 0.494500 0.454500 0.009000 0.009000
0 0.536500 0.403500 0.009000 0.009000
0 0.463500 0.389500 0.009000 0.009000
0 0.491000 0.705000 0.008000 0.008000
0 0.458000 0.704000 0.008000 0.008000
0 0.118000 0.776500 0.032000 0.033000
0 0.110000 0.736000 0.036000 0.032000
0 0.118500 0.669500 0.009000 0.009000
0 0.114500 0.718500 0.009000 0.009000
0 0.108500 0.719500 0.009000 0.009000
0 0.073500 0.622500 0.009000 0.009000
0 0.183500 0.590500 0.009000 0.009000
0 0.228500 0.601500 0.009000 0.009000
0 0.261500 0.631500 0.009000 0.009000
0 0.232500 0.543500 0.009000 0.009000
0 0.215500 0.530500 0.009000 0.009000
0 0.285500 0.492500 0.009000 0.009000
0 0.172500 0.461500 0.009000 0.009000
0 0.275000 0.526000 0.028000 0.028000
0 0.273500 0.499000 0.025000 0.024000
0 0.196500 0.488500 0.009000 0.009000
0 0.203500 0.421500 0.009000 0.009000
0 0.212500 0.394500 0.009000 0.009000
0 0.183500 0.386500 0.009000 0.009000
0 0.301500 0.444500 0.009000 0.009000
0 0.271500 0.472500 0.009000 0.009000
0 0.346500 0.498500 0.009000 0.009000
0 0.254000 0.462000 0.024000 0.024000
0 0.244500 0.485500 0.023000 0.023000
0 0.346000 0.397000 0.040000 0.036000
0 0.378500 0.392500 0.009000 0.009000
0 0.353500 0.371500 0.009000 0.009000
0 0.244500 0.358500 0.009000 0.009000
0 0.271500 0.347500 0.009000 0.009000
0 0.328500 0.309500 0.027000 0.027000
0 0.345000 0.289000 0.008000 0.008000
0 0.320000 0.277000 0.008000 0.008000
0 0.355000 0.236000 0.008000 0.008000
0 0.323000 0.190000 0.008000 0.008000
0 0.241000 0.145000 0.008000 0.008000
0 0.314500 0.095500 0.029000 0.029000
0 0.295500 0.073500 0.009000 0.009000
0 0.210000 0.127000 0.008000 0.008000
0 0.197000 0.175000 0.008000 0.008000
0 0.183000 0.188000 0.008000 0.008000
0 0.161000 0.204000 0.008000 0.008000
0 0.157000 0.228000 0.008000 0.008000
0 0.196000 0.232000 0.022000 0.022000
0 0.208500 0.204500 0.033000 0.031000
0 0.210000 0.145500 0.026000 0.025000
0 0.167000 0.212000 0.008000 0.008000
0 0.151500 0.285500 0.027000 0.027000
0 0.157000 0.322500 0.024000 0.023000
0 0.148000 0.323000 0.024000 0.024000
0 0.100000 0.331000 0.008000 0.008000
0 0.138000 0.341000 0.008000 0.008000
0 0.128000 0.292000 0.008000 0.008000
0 0.132000 0.283000 0.008000 0.008000
0 0.135000 0.278000 0.008000 0.008000
0 0.148000 0.270000 0.008000 0.008000
0 0.059000 0.383000 0.008000 0.008000
0 0.045000 0.460000 0.010000 0.010000
0 0.031000 0.483000 0.010000 0.010000
0 0.965000 0.383500 0.028000 0.029000
0 0.532500 0.205500 0.009000 0.009000
0 0.572500 0.105500 0.009000 0.009000
0 0.539500 0.080500 0.009000 0.009000
0 0.532500 0.084500 0.009000 0.009000
0 0.517500 0.111500 0.009000 0.009000
0 0.497500 0.110500 0.009000 0.009000
0 0.481500 0.090500 0.009000 0.009000
0 0.469500 0.096500 0.009000 0.009000
0 0.468500 0.078500 0.009000 0.009000
0 0.477500 0.042500 0.009000 0.009000
0 0.412000 0.108500 0.026000 0.025000
