0 0.944500 0.434500 0.011000 0.011000
0 0.921000 0.387500 0.010000 0.011000
0 0.918000 0.401500 0.010000 0.011000
0 0.954500 0.406000 0.009000 0.010000
0 0.954500 0.414500 0.009000 0.009000
0 0.873000 0.402000 0.010000 0.010000
0 0.861000 0.412000 0.010000 0.010000
0 0.896000 0.492000 0.010000 0.010000
0 0.929000 0.605000 0.010000 0.010000
0 0.877000 0.602000 0.010000 0.010000
0 0.859000 0.614000 0.010000 0.010000
0 0.870000 0.543000 0.010000 0.010000
0 0.872000 0.521000 0.010000 0.010000
0 0.852500 0.530000 0.009000 0.010000
0 0.851500 0.501500 0.009000 0.009000
0 0.867500 0.473500 0.009000 0.009000
0 0.851000 0.483000 0.008000 0.008000
0 0.833500 0.478500 0.009000 0.009000
0 0.826000 0.463000 0.008000 0.008000
0 0.839000 0.452000 0.008000 0.008000
0 0.833000 0.442000 0.008000 0.008000
0 0.828000 0.428000 0.008000 0.008000
0 0.825000 0.392000 0.008000 0.008000
0 0.808000 0.395000 0.008000 0.008000
0 0.796000 0.394000 0.008000 0.008000
0 0.798000 0.410000 0.008000 0.008000
0 0.835000 0.562000 0.010000 0.010000
0 0.813500 0.579500 0.011000 0.009000
0 0.795000 0.585500 0.008000 0.009000
0 0.776000 0.598500 0.008000 0.009000
0 0.742500 0.612500 0.009000 0.009000
0 0.799000 0.691500 0.010000 0.011000
0 0.742500 0.645000 0.011000 0.010000
0 0.737000 0.695000 0.010000 0.010000
0 0.750000 0.771000 0.010000 0.010000
0 0.756000 0.811000 0.010000 0.010000
0 0.823000 0.798000 0.010000 0.010000
0 0.804000 0.811000 0.010000 0.010000
0 0.807000 0.826000 0.010000 0.010000
0 0.712000 0.847000 0.010000 0.010000
0 0.699000 0.818000 0.010000 0.010000
0 0.686000 0.795000 0.010000 0.010000
0 0.725000 0.759000 0.010000 0.010000
0 0.700000 0.916000 0.010000 0.010000
0 0.626000 0.938500 0.010000 0.011000
0 0.505000 0.962000 0.010000 0.010000
0 0.561500 0.939500 0.009000 0.009000
0 0.582000 0.901000 0.010000 0.010000
0 0.602000 0.825000 0.010000 0.010000
0 0.613000 0.785000 0.010000 0.010000
0 0.558000 0.823000 0.010000 0.010000
0 0.566000 0.870000 0.010000 0.010000
0 0.552000 0.860000 0.010000 0.010000
0 0.531000 0.878000 0.010000 0.010000
0 0.471000 0.898000 0.012000 0.010000
0 0.447000 0.907000 0.010000 0.010000
0 0.392000 0.934000 0.010000 0.010000
0 0.393000 0.889000 0.010000 0.010000
0 0.468000 0.828000 0.010000 0.010000
0 0.481000 0.802000 0.010000 0.010000
0 0.443000 0.852000 0.010000 0.010000
0 0.431500 0.858500 0.009000 0.009000
0 0.398000 0.858000 0.010000 0.010000
0 0.404500 0.819500 0.011000 0.011000
0 0.366500 0.789000 0.011000 0.010000
0 0.326000 0.839000 0.010000 0.010000
0 0.305500 0.815500 0.011000 0.011000
0 0.259500 0.874500 0.009000 0.009000
0 0.260500 0.889000 0.009000 0.008000
0 0.238500 0.872500 0.009000 0.009000
0 0.374000 0.724000 0.012000 0.012000
0 0.401500 0.723500 0.011000 0.011000
0 0.462000 0.677000 0.010000 0.010000
0 0.432000 0.692000 0.010000 0.010000
0 0.431000 0.708000 0.010000 0.010000
0 0.416000 0.706000 0.010000 0.010000
0 0.444000 0.582000 0.012000 0.012000
0 0.444500 0.542000 0.011000 0.010000
0 0.446500 0.482000 0.011000 0.010000
0 0.320000 0.536000 0.010000 0.010000
0 0.287500 0.617500 0.011000 0.011000
0 0.164500 0.569500 0.011000 0.011000
0 0.186000 0.542000 0.010000 0.010000
0 0.180000 0.520000 0.010000 0.010000
0 0.252000 0.514000 0.010000 0.010000
0 0.282000 0.489000 0.012000 0.010000
0 0.303000 0.485000 0.010000 0.010000
0 0.304000 0.492000 0.010000 0.010000
0 0.348000 0.448000 0.010000 0.010000
0 0.335000 0.452000 0.010000 0.010000
0 0.310000 0.434000 0.010000 0.010000
0 0.288000 0.395000 0.010000 0.010000
0 0.281000 0.343000 0.010000 0.010000
0 0.281000 0.323000 0.012000 0.010000
0 0.241000 0.351000 0.010000 0.010000
0 0.247000 0.366000 0.010000 0.010000
0 0.242500 0.404500 0.009000 0.009000
0 0.239500 0.451500 0.009000 0.009000
0 0.250500 0.478500 0.011000 0.011000
0 0.270500 0.476500 0.011000 0.011000
0 0.216000 0.485000 0.010000 0.010000
0 0.182000 0.482000 0.010000 0.010000
0 0.193000 0.494000 0.010000 0.010000
0 0.126000 0.511000 0.010000 0.010000
0 0.112000 0.554000 0.010000 0.010000
0 0.073500 0.519000 0.011000 0.010000
0 0.113000 0.585000 0.010000 0.010000
0 0.112000 0.603000 0.010000 0.010000
0 0.095000 0.607000 0.010000 0.010000
0 0.102000 0.576000 0.012000 0.010000
0 0.090500 0.569500 0.009000 0.009000
0 0.068500 0.590500 0.009000 0.009000
0 0.077500 0.636000 0.009000 0.008000
0 0.101500 0.685500 0.009000 0.009000
0 0.098500 0.687500 0.009000 0.009000
0 0.913000 0.668000 0.010000 0.010000
0 0.857000 0.682000 0.010000 0.010000
0 0.729000 0.674000 0.010000 0.010000
0 0.720000 0.680000 0.010000 0.010000
0 0.706000 0.663000 0.010000 0.010000
0 0.664000 0.722000 0.010000 0.010000
0 0.587000 0.742000 0.010000 0.010000
0 0.560000 0.757000 0.010000 0.010000
0 0.529000 0.749000 0.010000 0.010000
0 0.551000 0.729000 0.010000 0.010000
0 0.533000 0.709000 0.010000 0.010000
0 0.540000 0.703000 0.010000 0.010000
0 0.508000 0.733000 0.010000 0.010000
0 0.503000 0.738000 0.010000 0.010000
0 0.520000 0.680000 0.010000 0.010000
0 0.529000 0.675000 0.010000 0.010000
0 0.568000 0.656000 0.010000 0.010000
0 0.590000 0.647000 0.010000 0.010000
0 0.619000 0.662000 0.010000 0.010000
0 0.547000 0.636000 0.010000 0.010000
0 0.538000 0.635000 0.010000 0.010000
0 0.624000 0.640000 0.010000 0.010000
0 0.605000 0.642000 0.010000 0.010000
0 0.654000 0.635000 0.010000 0.010000
0 0.674000 0.624000 0.010000 0.010000
0 0.630000 0.628000 0.010000 0.010000
0 0.733500 0.572500 0.009000 0.009000
0 0.772000 0.568500 0.008000 0.009000
0 0.779000 0.562500 0.008000 0.009000
0 0.803000 0.537000 0.008000 0.008000
0 0.801000 0.550000 0.008000 0.008000
0 0.760000 0.545000 0.008000 0.008000
0 0.699500 0.577500 0.009000 0.009000
0 0.704500 0.560500 0.009000 0.009000
0 0.683500 0.556500 0.009000 0.009000
0 0.641000 0.619000 0.008000 0.008000
0 0.651000 0.615000 0.008000 0.008000
0 0.669000 0.600000 0.008000 0.008000
0 0.665000 0.595000 0.008000 0.008000
0 0.645000 0.577500 0.008000 0.009000
0 0.664000 0.562500 0.008000 0.009000
0 0.605500 0.576500 0.009000 0.009000
0 0.632000 0.603500 0.008000 0.009000
0 0.623500 0.609500 0.009000 0.009000
0 0.787000 0.479500 0.008000 0.009000
0 0.745500 0.528000 0.009000 0.008000
0 0.737500 0.528000 0.009000 0.008000
0 0.728500 0.525000 0.009000 0.008000
0 0.677000 0.587500 0.008000 0.009000
0 0.576500 0.206000 0.011000 0.012000
0 0.554000 0.212500 0.010000 0.011000
0 0.523000 0.230500 0.010000 0.011000
0 0.500500 0.221500 0.011000 0.011000
0 0.517000 0.298500 0.010000 0.011000
0 0.441500 0.283000 0.011000 0.012000
0 0.435500 0.234000 0.011000 0.012000
0 0.425000 0.260000 0.010000 0.010000
0 0.379000 0.343000 0.010000 0.010000
0 0.365000 0.300000 0.010000 0.010000
0 0.370000 0.270000 0.010000 0.010000
0 0.368000 0.282500 0.010000 0.011000
0 0.357000 0.280000 0.010000 0.010000
0 0.341000 0.256000 0.010000 0.010000
0 0.343000 0.272000 0.010000 0.010000
0 0.333000 0.278000 0.010000 0.010000
0 0.338000 0.295000 0.010000 0.010000
0 0.342000 0.311000 0.010000 0.010000
0 0.355000 0.318000 0.010000 0.010000
0 0.348500 0.324500 0.009000 0.009000
0 0.342000 0.223000 0.010000 0.010000
0 0.353000 0.197000 0.010000 0.010000
0 0.413000 0.208000 0.010000 0.010000
0 0.374500 0.176500 0.009000 0.009000
0 0.375500 0.184500 0.009000 0.009000
0 0.350000 0.141500 0.010000 0.011000
0 0.297000 0.163000 0.010000 0.010000
0 0.278000 0.144500 0.010000 0.011000
0 0.304000 0.188000 0.010000 0.010000
0 0.296000 0.186000 0.010000 0.010000
0 0.287000 0.181000 0.010000 0.010000
0 0.265000 0.166000 0.010000 0.010000
0 0.246000 0.174500 0.010000 0.011000
0 0.249000 0.214000 0.010000 0.010000
0 0.275000 0.241000 0.010000 0.010000
0 0.262000 0.250000 0.010000 0.010000
0 0.244000 0.272000 0.010000 0.010000
0 0.214500 0.407000 0.009000 0.010000
0 0.211500 0.372500 0.009000 0.009000
0 0.199500 0.380500 0.009000 0.009000
0 0.215500 0.356500 0.009000 0.009000
0 0.207500 0.350500 0.009000 0.009000
0 0.205000 0.335500 0.010000 0.009000
0 0.157500 0.352500 0.009000 0.009000
0 0.148500 0.352500 0.009000 0.009000
0 0.160500 0.396500 0.009000 0.009000
0 0.157500 0.416500 0.009000 0.009000
0 0.163500 0.440500 0.009000 0.009000
0 0.121500 0.438500 0.009000 0.009000
0 0.127500 0.409000 0.009000 0.010000
0 0.085500 0.380500 0.009000 0.009000
0 0.076500 0.367500 0.009000 0.009000
0 0.096500 0.341500 0.009000 0.009000
0 0.072000 0.330500 0.010000 0.009000
0 0.055000 0.502000 0.010000 0.010000
0 0.220000 0.280000 0.010000 0.010000
0 0.200000 0.258000 0.010000 0.010000
0 0.149000 0.248000 0.010000 0.010000
0 0.215500 0.304500 0.009000 0.009000
0 0.210500 0.304500 0.009000 0.009000
0 0.164000 0.203500 0.010000 0.011000
0 0.188000 0.195000 0.010000 0.010000
0 0.194000 0.211000 0.010000 0.010000
0 0.203000 0.222000 0.010000 0.010000
0 0.220500 0.239500 0.009000 0.009000
0 0.222500 0.228500 0.009000 0.009000
0 0.234000 0.216500 0.010000 0.009000
0 0.238500 0.210500 0.009000 0.009000
0 0.458500 0.162500 0.011000 0.011000
0 0.439500 0.146500 0.011000 0.011000
0 0.474500 0.136500 0.011000 0.011000
0 0.579000 0.118500 0.010000 0.011000
0 0.543000 0.063000 0.010000 0.010000
0 0.532000 0.050500 0.010000 0.009000
0 0.503000 0.073500 0.010000 0.011000
0 0.642000 0.085000 0.010000 0.010000
0 0.622000 0.077000 0.010000 0.010000
0 0.607000 0.070000 0.010000 0.010000
0 0.589000 0.057000 0.010000 0.010000
0 0.624000 0.149000 0.010000 0.010000
0 0.656000 0.153000 0.010000 0.010000
0 0.714000 0.143500 0.010000 0.011000
0 0.671000 0.134500 0.010000 0.011000
0 0.682500 0.109500 0.009000 0.009000
0 0.684000 0.123500 0.010000 0.011000
0 0.689500 0.178500 0.009000 0.009000
0 0.514500 0.480000 0.011000 0.010000
0 0.534000 0.487000 0.010000 0.010000
0 0.533000 0.497000 0.010000 0.010000
0 0.622000 0.457000 0.010000 0.010000
0 0.615000 0.449000 0.010000 0.010000
0 0.643000 0.415000 0.010000 0.010000
0 0.620000 0.417000 0.010000 0.010000
0 0.661000 0.365000 0.010000 0.010000
0 0.635000 0.349000 0.010000 0.010000
0 0.655000 0.333000 0.010000 0.010000
0 0.674000 0.345000 0.010000 0.010000
0 0.629000 0.406000 0.010000 0.010000
0 0.627000 0.412000 0.010000 0.010000
0 0.698000 0.380000 0.010000 0.010000
0 0.737000 0.357000 0.010000 0.010000
0 0.709000 0.375000 0.010000 0.010000
0 0.742000 0.375000 0.010000 0.010000
0 0.799000 0.364000 0.010000 0.010000
0 0.661500 0.545500 0.011000 0.011000
0 0.662000 0.537000 0.010000 0.010000
0 0.740500 0.499500 0.009000 0.009000
0 0.678500 0.480500 0.009000 0.009000
0 0.745000 0.461000 0.008000 0.008000
0 0.723500 0.452500 0.009000 0.009000
0 0.709500 0.426500 0.009000 0.009000
0 0.711500 0.413500 0.009000 0.009000
0 0.694500 0.414500 0.009000 0.009000
0 0.693500 0.420500 0.009000 0.009000
0 0.751500 0.429500 0.009000 0.009000
0 0.745500 0.422500 0.009000 0.009000
0 0.786500 0.416500 0.009000 0.009000
0 0.784500 0.428500 0.009000 0.009000
0 0.803500 0.438500 0.009000 0.009000
0 0.795500 0.447500 0.009000 0.009000
0 0.791500 0.439500 0.009000 0.009000
0 0.794500 0.461500 0.009000 0.009000
0 0.667000 0.457000 0.008000 0.008000
0 0.675000 0.466000 0.008000 0.008000
0 0.668000 0.469000 0.008000 0.008000
0 0.692000 0.468000 0.008000 0.008000
0 0.694000 0.458000 0.008000 0.008000
0 0.689000 0.453000 0.008000 0.008000
0 0.681000 0.454000 0.008000 0.008000
0 0.772500 0.407500 0.009000 0.009000
0 0.763500 0.404500 0.009000 0.009000
0 0.764500 0.382500 0.009000 0.009000
0 0.758500 0.377500 0.009000 0.009000
0 0.729500 0.512500 0.009000 0.009000
0 0.722500 0.505500 0.009000 0.009000
0 0.717500 0.508500 0.009000 0.009000
0 0.423000 0.533000 0.010000 0.010000
0 0.750500 0.450500 0.009000 0.009000
0 0.744500 0.447500 0.009000 0.009000
0 0.841000 0.296000 0.010000 0.010000
0 0.895000 0.255000 0.010000 0.010000
0 0.866500 0.216500 0.011000 0.011000
0 0.798000 0.282000 0.010000 0.010000
0 0.809000 0.303000 0.010000 0.010000
0 0.783000 0.334000 0.010000 0.010000
0 0.744000 0.340000 0.010000 0.010000
0 0.747000 0.319000 0.010000 0.010000
0 0.776000 0.318000 0.010000 0.010000
0 0.763000 0.318000 0.010000 0.010000
0 0.773000 0.299000 0.010000 0.010000
0 0.782000 0.264000 0.010000 0.010000
0 0.768000 0.256000 0.010000 0.010000
0 0.776000 0.240000 0.010000 0.010000
0 0.789000 0.204000 0.010000 0.010000
0 0.769000 0.195000 0.010000 0.010000
0 0.790000 0.169000 0.010000 0.010000
0 0.793000 0.156000 0.010000 0.010000
0 0.775000 0.148000 0.010000 0.010000
0 0.746000 0.118000 0.010000 0.010000
0 0.742000 0.106000 0.010000 0.010000
0 0.635500 0.194500 0.009000 0.009000
0 0.641500 0.205500 0.009000 0.009000
0 0.673500 0.232500 0.009000 0.009000
0 0.672500 0.222500 0.009000 0.009000
0 0.679500 0.244500 0.009000 0.009000
0 0.662500 0.251500 0.009000 0.009000
0 0.639500 0.271500 0.009000 0.009000
0 0.694500 0.271500 0.009000 0.009000
0 0.690500 0.317500 0.009000 0.009000
0 0.733500 0.258500 0.009000 0.009000
0 0.670500 0.274500 0.009000 0.009000
0 0.671500 0.291500 0.009000 0.009000
0 0.673500 0.285500 0.009000 0.009000
0 0.747500 0.225500 0.009000 0.009000
0 0.755500 0.228500 0.009000 0.009000
0 0.750500 0.274500 0.009000 0.009000
0 0.745500 0.272500 0.009000 0.009000
0 0.721500 0.239500 0.009000 0.009000
0 0.712500 0.240500 0.009000 0.009000
0 0.720500 0.220500 0.009000 0.009000
0 0.712500 0.228500 0.009000 0.009000
0 0.712500 0.200500 0.009000 0.009000
0 0.704500 0.209500 0.009000 0.009000
0 0.706500 0.220500 0.009000 0.009000
0 0.692500 0.208500 0.009000 0.009000
0 0.687500 0.213500 0.009000 0.009000
0 0.683500 0.207500 0.009000 0.009000
0 0.664500 0.199500 0.009000 0.009000
0 0.660500 0.192500 0.009000 0.009000
0 0.653500 0.192500 0.009000 0.009000
