0 0.776500 0.698500 0.031000 0.031000
0 0.772500 0.747500 0.009000 0.009000
0 0.755500 0.790500 0.009000 0.009000
0 0.769500 0.822500 0.009000 0.009000
0 0.776500 0.843500 0.009000 0.009000
0 0.729500 0.856500 0.009000 0.009000
0 0.712500 0.884500 0.009000 0.009000
0 0.704500 0.882500 0.009000 0.009000
0 0.640500 0.912500 0.009000 0.009000
0 0.651500 0.904500 0.009000 0.009000
0 0.661500 0.863500 0.009000 0.009000
0 0.681500 0.884500 0.039000 0.039000
0 0.874500 0.710500 0.009000 0.009000
0 0.874500 0.688500 0.009000 0.009000
0 0.842500 0.736500 0.009000 0.009000
0 0.846500 0.720500 0.009000 0.009000
0 0.851500 0.716500 0.009000 0.009000
0 0.860500 0.655500 0.009000 0.009000
0 0.859500 0.635500 0.009000 0.009000
0 0.882500 0.658500 0.009000 0.009000
0 0.894500 0.657500 0.009000 0.009000
0 0.889500 0.660500 0.009000 0.009000
0 0.869500 0.594500 0.009000 0.009000
0 0.885000 0.611500 0.038000 0.039000
0 0.887500 0.559000 0.037000 0.036000
0 0.922500 0.565500 0.009000 0.009000
0 0.920500 0.532500 0.009000 0.009000
0 0.870000 0.504500 0.032000 0.031000
0 0.849500 0.481500 0.009000 0.009000
0 0.910500 0.464500 0.009000 0.009000
0 0.959500 0.464500 0.009000 0.009000
0 0.948000 0.402500 0.030000 0.029000
0 0.953500 0.425500 0.025000 0.025000
0 0.928500 0.398500 0.009000 0.009000
0 0.928500 0.337500 0.033000 0.033000
0 0.919500 0.361500 0.019000 0.019000
0 0.870500 0.297500 0.027000 0.025000
0 0.865000 0.329000 0.028000 0.028000
0 0.854000 0.315500 0.030000 0.029000
0 0.877000 0.374000 0.036000 0.038000
0 0.902000 0.368500 0.022000 0.023000
0 0.831000 0.352000 0.032000 0.034000
0 0.801000 0.356000 0.038000 0.038000
0 0.792500 0.329500 0.031000 0.029000
0 0.773000 0.317000 0.028000 0.028000
0 0.762000 0.413000 0.024000 0.024000
0 0.774000 0.434000 0.008000 0.008000
0 0.738000 0.428000 0.036000 0.038000
0 0.690000 0.472000 0.030000 0.032000
0 0.731000 0.535000 0.010000 0.010000
0 0.688500 0.541500 0.031000 0.033000
0 0.680000 0.616000 0.016000 0.016000
0 0.680500 0.646000 0.037000 0.036000
0 0.625000 0.645500 0.030000 0.033000
0 0.616500 0.587000 0.033000 0.034000
0 0.640500 0.574500 0.009000 0.009000
0 0.608500 0.540500 0.031000 0.031000
0 0.640500 0.444500 0.029000 0.027000
0 0.588500 0.451000 0.033000 0.034000
0 0.587500 0.474500 0.033000 0.031000
0 0.584500 0.505500 0.009000 0.009000
0 0.559500 0.515500 0.009000 0.009000
0 0.555500 0.413500 0.027000 0.027000
0 0.525500 0.435500 0.031000 0.031000
0 0.468000 0.446500 0.042000 0.043000
0 0.526500 0.474000 0.029000 0.028000
0 0.518000 0.495000 0.030000 0.028000
0 0.491500 0.503500 0.039000 0.041000
0 0.445000 0.448000 0.008000 0.008000
0 0.405000 0.509500 0.026000 0.025000
0 0.407500 0.541500 0.029000 0.029000
0 0.458500 0.572500 0.031000 0.031000
0 0.432500 0.520500 0.009000 0.009000
0 0.425000 0.594000 0.010000 0.010000
0 0.385000 0.575000 0.010000 0.010000
0 0.353000 0.509500 0.028000 0.029000
0 0.326500 0.530000 0.037000 0.036000
0 0.363000 0.471000 0.026000 0.026000
0 0.348000 0.456500 0.022000 0.021000
0 0.325000 0.462000 0.024000 0.024000
0 0.333500 0.446000 0.023000 0.024000
0 0.353500 0.436500 0.009000 0.009000
0 0.400000 0.455000 0.008000 0.008000
0 0.310500 0.443000 0.021000 0.022000
0 0.379000 0.393500 0.032000 0.033000
0 0.281000 0.429000 0.032000 0.032000
0 0.408000 0.414000 0.010000 0.010000
0 0.457000 0.404000 0.010000 0.010000
0 0.475000 0.378000 0.010000 0.010000
0 0.492000 0.401000 0.010000 0.010000
0 0.497000 0.383000 0.010000 0.010000
0 0.441000 0.359000 0.008000 0.008000
0 0.551000 0.383500 0.018000 0.017000
0 0.607500 0.339500 0.025000 0.025000
0 0.627500 0.350500 0.023000 0.023000
0 0.648500 0.385500 0.021000 0.021000
0 0.666500 0.355000 0.023000 0.024000
0 0.685500 0.337000 0.023000 0.024000
0 0.704500 0.336000 0.025000 0.026000
0 0.704500 0.313500 0.033000 0.029000
0 0.703000 0.269500 0.028000 0.029000
0 0.673000 0.261000 0.030000 0.026000
0 0.676500 0.286000 0.031000 0.028000
0 0.865000 0.218500 0.030000 0.029000
0 0.835500 0.208500 0.031000 0.033000
0 0.805000 0.175000 0.036000 0.038000
0 0.796000 0.208500 0.038000 0.039000
0 0.789500 0.264500 0.009000 0.009000
0 0.773500 0.254500 0.009000 0.009000
0 0.755500 0.249500 0.009000 0.009000
0 0.702500 0.217500 0.009000 0.009000
0 0.697500 0.203500 0.009000 0.009000
0 0.675500 0.197500 0.009000 0.009000
0 0.734000 0.132000 0.032000 0.032000
0 0.723500 0.157500 0.009000 0.009000
0 0.738500 0.153500 0.009000 0.009000
0 0.639500 0.195000 0.017000 0.018000
0 0.654500 0.204000 0.027000 0.028000
0 0.673000 0.109500 0.028000 0.029000
0 0.648500 0.109000 0.027000 0.028000
0 0.603000 0.128500 0.030000 0.029000
0 0.594500 0.163500 0.029000 0.029000
0 0.560500 0.156500 0.009000 0.009000
0 0.583500 0.205500 0.009000 0.009000
0 0.547500 0.196500 0.009000 0.009000
0 0.586500 0.229500 0.009000 0.009000
0 0.547500 0.238500 0.023000 0.021000
0 0.551500 0.268500 0.029000 0.029000
0 0.550500 0.309000 0.033000 0.034000
0 0.577500 0.315500 0.023000 0.023000
0 0.574500 0.341000 0.023000 0.022000
0 0.622500 0.295000 0.023000 0.022000
0 0.510500 0.378500 0.009000 0.009000
0 0.603000 0.283000 0.008000 0.008000
0 0.594000 0.292000 0.008000 0.008000
0 0.594500 0.392000 0.031000 0.030000
0 0.605000 0.369000 0.022000 0.022000
0 0.591500 0.361500 0.021000 0.021000
0 0.579000 0.378000 0.024000 0.024000
0 0.531500 0.370500 0.009000 0.009000
0 0.471500 0.305500 0.037000 0.039000
0 0.439000 0.323000 0.030000 0.034000
0 0.468000 0.239500 0.024000 0.021000
0 0.483000 0.261500 0.024000 0.025000
0 0.470000 0.262500 0.026000 0.027000
0 0.519500 0.151000 0.031000 0.030000
0 0.536500 0.142500 0.009000 0.009000
0 0.614500 0.082500 0.009000 0.009000
0 0.573500 0.068500 0.009000 0.009000
0 0.556500 0.063500 0.009000 0.009000
0 0.541500 0.060500 0.009000 0.009000
0 0.493500 0.088500 0.009000 0.009000
0 0.547500 0.100500 0.021000 0.021000
0 0.540500 0.086500 0.009000 0.009000
0 0.421500 0.132500 0.039000 0.039000
0 0.419500 0.178000 0.029000 0.030000
0 0.442500 0.229500 0.009000 0.009000
0 0.424500 0.260500 0.009000 0.009000
0 0.417500 0.257500 0.009000 0.009000
0 0.421000 0.285000 0.036000 0.034000
0 0.371000 0.274000 0.010000 0.010000
0 0.388000 0.350500 0.032000 0.031000
0 0.391500 0.334000 0.041000 0.040000
0 0.149500 0.218500 0.009000 0.009000
0 0.143500 0.281500 0.009000 0.009000
0 0.173500 0.285500 0.007000 0.007000
0 0.126000 0.357000 0.010000 0.010000
0 0.130000 0.378000 0.010000 0.010000
0 0.130000 0.474000 0.010000 0.010000
0 0.189000 0.476000 0.010000 0.010000
0 0.129000 0.540000 0.044000 0.044000
0 0.208500 0.633500 0.031000 0.033000
0 0.177000 0.633000 0.032000 0.036000
0 0.144500 0.639000 0.031000 0.032000
0 0.111000 0.590500 0.038000 0.039000
0 0.092500 0.709000 0.031000 0.034000
0 0.150000 0.670000 0.008000 0.008000
0 0.136000 0.691000 0.008000 0.008000
0 0.173500 0.673500 0.029000 0.027000
0 0.179000 0.690500 0.028000 0.027000
0 0.168500 0.715500 0.029000 0.031000
0 0.171500 0.772500 0.009000 0.009000
0 0.200500 0.785000 0.035000 0.038000
0 0.054500 0.607000 0.027000 0.028000
0 0.061000 0.592500 0.022000 0.023000
0 0.044500 0.591000 0.023000 0.026000
0 0.301000 0.567500 0.032000 0.033000
0 0.259500 0.517500 0.009000 0.009000
0 0.268500 0.567000 0.009000 0.010000
0 0.646000 0.603000 0.010000 0.010000
0 0.589000 0.530000 0.010000 0.010000
0 0.548500 0.636500 0.035000 0.035000
0 0.408500 0.861500 0.009000 0.009000
0 0.422000 0.849000 0.038000 0.036000
0 0.401000 0.795000 0.044000 0.048000
0 0.324500 0.810000 0.009000 0.010000
0 0.314500 0.826500 0.009000 0.009000
0 0.356500 0.920000 0.009000 0.010000
0 0.265500 0.733500 0.027000 0.029000
0 0.520000 0.321000 0.008000 0.008000
0 0.504000 0.916500 0.048000 0.045000
0 0.524500 0.938000 0.009000 0.010000
0 0.543000 0.858500 0.010000 0.009000
0 0.585500 0.856500 0.009000 0.009000
0 0.587500 0.916000 0.009000 0.010000
0 0.602000 0.928000 0.010000 0.010000
0 0.474500 0.102500 0.011000 0.011000
0 0.439000 0.089500 0.010000 0.011000
0 0.332500 0.117500 0.011000 0.011000
