0 0.631500 0.820000 0.025000 0.026000
0 0.674000 0.843000 0.026000 0.026000
0 0.684500 0.852000 0.025000 0.026000
0 0.628500 0.903000 0.029000 0.026000
0 0.581500 0.637000 0.037000 0.036000
0 0.592500 0.702500 0.029000 0.029000
0 0.532000 0.697000 0.026000 0.026000
0 0.505000 0.707500 0.026000 0.027000
0 0.426500 0.747500 0.023000 0.023000
0 0.356000 0.514500 0.026000 0.027000
0 0.331000 0.627500 0.026000 0.027000
0 0.170500 0.791000 0.031000 0.030000
0 0.453000 0.330000 0.034000 0.036000
0 0.187000 0.318000 0.020000 0.020000
0 0.236500 0.163000 0.021000 0.022000
0 0.399000 0.927500 0.032000 0.033000
