0 0.952500 0.409500 0.013000 0.015000
0 0.921000 0.382500 0.012000 0.013000
0 0.956500 0.474500 0.011000 0.013000
0 0.949000 0.513000 0.012000 0.012000
0 0.907000 0.462000 0.012000 0.012000
0 0.924000 0.545000 0.012000 0.012000
0 0.931000 0.593500 0.012000 0.013000
0 0.853500 0.614500 0.011000 0.011000
0 0.854000 0.636000 0.012000 0.012000
0 0.868000 0.732000 0.012000 0.012000
0 0.917000 0.747000 0.012000 0.012000
0 0.859500 0.821500 0.011000 0.011000
0 0.807500 0.878000 0.011000 0.010000
0 0.755000 0.828000 0.012000 0.012000
0 0.746500 0.858500 0.011000 0.011000
0 0.645000 0.840500 0.010000 0.011000
0 0.555500 0.827500 0.011000 0.011000
0 0.584500 0.952500 0.011000 0.011000
0 0.574500 0.955500 0.011000 0.011000
0 0.551000 0.913000 0.010000 0.010000
0 0.538000 0.931500 0.010000 0.011000
0 0.517000 0.939500 0.010000 0.011000
0 0.519000 0.961500 0.010000 0.011000
0 0.456500 0.916000 0.011000 0.010000
0 0.470500 0.886000 0.013000 0.010000
0 0.456500 0.827500 0.011000 0.011000
0 0.443500 0.850500 0.011000 0.011000
0 0.415500 0.866500 0.011000 0.011000
0 0.393500 0.926000 0.011000 0.010000
0 0.366500 0.923000 0.011000 0.010000
0 0.341500 0.911000 0.011000 0.010000
0 0.298500 0.855500 0.011000 0.011000
0 0.303500 0.833500 0.011000 0.011000
0 0.277500 0.839500 0.011000 0.011000
0 0.257500 0.835500 0.011000 0.011000
0 0.241500 0.858000 0.011000 0.008000
0 0.215000 0.846000 0.010000 0.010000
0 0.288000 0.804000 0.010000 0.010000
0 0.288000 0.795000 0.010000 0.010000
0 0.846500 0.533000 0.011000 0.010000
0 0.821000 0.551000 0.010000 0.010000
0 0.805000 0.538000 0.008000 0.008000
0 0.803000 0.549000 0.010000 0.010000
0 0.801000 0.570000 0.010000 0.010000
0 0.803000 0.610500 0.010000 0.011000
0 0.713500 0.657000 0.011000 0.010000
0 0.730000 0.605500 0.012000 0.011000
0 0.756000 0.571500 0.010000 0.011000
0 0.788000 0.527000 0.010000 0.010000
0 0.696000 0.523000 0.010000 0.010000
0 0.701000 0.547000 0.010000 0.010000
0 0.685000 0.578000 0.010000 0.010000
0 0.684000 0.608000 0.010000 0.010000
0 0.627000 0.636000 0.010000 0.010000
0 0.654000 0.676000 0.010000 0.010000
0 0.688500 0.689500 0.011000 0.011000
0 0.683000 0.698000 0.010000 0.010000
0 0.688500 0.731000 0.011000 0.010000
0 0.590500 0.743500 0.011000 0.011000
0 0.662000 0.752000 0.010000 0.010000
0 0.544000 0.731000 0.010000 0.010000
0 0.521000 0.721500 0.010000 0.011000
0 0.507000 0.752000 0.010000 0.010000
0 0.566000 0.677000 0.010000 0.010000
0 0.555000 0.682000 0.010000 0.010000
0 0.517000 0.646000 0.010000 0.010000
0 0.507000 0.652000 0.010000 0.010000
0 0.517000 0.671000 0.010000 0.010000
0 0.518000 0.681000 0.010000 0.010000
0 0.485000 0.744000 0.010000 0.010000
0 0.464000 0.727000 0.010000 0.010000
0 0.454000 0.729000 0.010000 0.010000
0 0.433000 0.749000 0.010000 0.010000
0 0.436000 0.767000 0.010000 0.010000
0 0.437000 0.795000 0.010000 0.010000
0 0.459000 0.781000 0.010000 0.010000
0 0.457000 0.794000 0.010000 0.010000
0 0.460000 0.805000 0.010000 0.010000
0 0.478000 0.704000 0.010000 0.010000
0 0.486000 0.608000 0.010000 0.010000
0 0.452000 0.660000 0.010000 0.010000
0 0.467000 0.632000 0.010000 0.010000
0 0.450000 0.640000 0.010000 0.010000
0 0.447000 0.632000 0.010000 0.010000
0 0.370000 0.646000 0.010000 0.010000
0 0.336000 0.642000 0.010000 0.010000
0 0.401000 0.691000 0.010000 0.010000
0 0.378000 0.694000 0.010000 0.010000
0 0.384000 0.665000 0.010000 0.010000
0 0.348000 0.686000 0.010000 0.010000
0 0.380000 0.744000 0.010000 0.010000
0 0.364000 0.734000 0.010000 0.010000
0 0.354000 0.714000 0.010000 0.010000
0 0.398000 0.709000 0.010000 0.010000
0 0.390000 0.714000 0.010000 0.010000
0 0.396000 0.770000 0.010000 0.010000
0 0.396000 0.790000 0.010000 0.010000
0 0.385000 0.822000 0.010000 0.010000
0 0.345000 0.794000 0.012000 0.010000
0 0.386000 0.848000 0.010000 0.010000
0 0.387000 0.838000 0.010000 0.010000
0 0.340000 0.775000 0.010000 0.010000
0 0.316000 0.783000 0.010000 0.010000
0 0.317000 0.761000 0.010000 0.010000
0 0.365000 0.773000 0.010000 0.010000
0 0.375000 0.781000 0.010000 0.010000
0 0.380000 0.780000 0.010000 0.010000
0 0.295000 0.764000 0.010000 0.010000
0 0.290000 0.753000 0.010000 0.010000
0 0.278000 0.757000 0.010000 0.010000
0 0.245000 0.731500 0.012000 0.011000
0 0.196000 0.833000 0.010000 0.010000
0 0.203000 0.767000 0.010000 0.010000
0 0.159000 0.777000 0.010000 0.010000
0 0.152000 0.776000 0.010000 0.010000
0 0.125000 0.783000 0.010000 0.010000
0 0.135000 0.819000 0.010000 0.010000
0 0.175000 0.741000 0.012000 0.010000
0 0.184000 0.686000 0.010000 0.010000
0 0.191500 0.642000 0.009000 0.008000
0 0.181000 0.658000 0.010000 0.010000
0 0.235000 0.665000 0.012000 0.010000
0 0.165000 0.672000 0.010000 0.010000
0 0.261000 0.661000 0.010000 0.010000
0 0.252000 0.672000 0.010000 0.010000
0 0.247000 0.663000 0.010000 0.010000
0 0.231000 0.614000 0.010000 0.010000
0 0.295000 0.594000 0.012000 0.012000
0 0.312000 0.567000 0.012000 0.012000
0 0.289000 0.544000 0.012000 0.012000
0 0.270000 0.535000 0.012000 0.012000
0 0.210500 0.549000 0.009000 0.008000
0 0.235500 0.564500 0.011000 0.009000
0 0.234000 0.577000 0.012000 0.010000
0 0.225000 0.559000 0.012000 0.012000
0 0.167000 0.559000 0.010000 0.010000
0 0.157500 0.522000 0.009000 0.008000
0 0.149000 0.540000 0.010000 0.010000
0 0.146500 0.598500 0.009000 0.009000
0 0.150000 0.662000 0.010000 0.010000
0 0.142500 0.634000 0.011000 0.008000
0 0.161500 0.730500 0.009000 0.009000
0 0.162500 0.740500 0.009000 0.009000
0 0.137500 0.725500 0.009000 0.009000
0 0.134500 0.743500 0.009000 0.009000
0 0.108500 0.700500 0.009000 0.009000
0 0.097500 0.706500 0.009000 0.009000
0 0.114500 0.725500 0.009000 0.009000
0 0.106500 0.728500 0.009000 0.009000
0 0.054500 0.585500 0.009000 0.009000
0 0.069500 0.606500 0.009000 0.009000
0 0.123500 0.612500 0.009000 0.009000
0 0.121500 0.616500 0.009000 0.009000
0 0.136500 0.623500 0.009000 0.009000
0 0.130500 0.627000 0.009000 0.008000
0 0.123500 0.634000 0.009000 0.008000
0 0.132500 0.653000 0.009000 0.008000
0 0.131500 0.664000 0.009000 0.008000
0 0.115500 0.659000 0.009000 0.008000
0 0.119500 0.661000 0.011000 0.008000
0 0.238500 0.793000 0.009000 0.008000
0 0.236500 0.801000 0.011000 0.008000
0 0.217500 0.805000 0.009000 0.008000
0 0.204500 0.812500 0.011000 0.009000
0 0.194500 0.792000 0.009000 0.008000
0 0.179500 0.812500 0.009000 0.009000
0 0.222500 0.794000 0.009000 0.008000
0 0.214500 0.790000 0.009000 0.008000
0 0.173500 0.800000 0.011000 0.008000
0 0.169500 0.812500 0.009000 0.009000
0 0.643000 0.659000 0.010000 0.010000
0 0.648000 0.657000 0.010000 0.010000
0 0.583000 0.626000 0.010000 0.010000
0 0.608000 0.568000 0.010000 0.010000
0 0.620000 0.505000 0.010000 0.010000
0 0.606000 0.592000 0.010000 0.010000
0 0.608000 0.601000 0.010000 0.010000
0 0.544000 0.576000 0.010000 0.010000
0 0.558000 0.587000 0.010000 0.010000
0 0.548000 0.594000 0.010000 0.010000
0 0.561000 0.532000 0.010000 0.010000
0 0.535000 0.528000 0.010000 0.010000
0 0.543000 0.550000 0.010000 0.010000
0 0.492000 0.533000 0.010000 0.010000
0 0.485000 0.550000 0.010000 0.010000
0 0.521000 0.559000 0.010000 0.010000
0 0.468000 0.557000 0.010000 0.010000
0 0.455000 0.557000 0.010000 0.010000
0 0.429000 0.564500 0.010000 0.011000
0 0.382000 0.589000 0.010000 0.010000
0 0.392000 0.552000 0.010000 0.010000
0 0.406000 0.553000 0.010000 0.010000
0 0.413000 0.548000 0.010000 0.010000
0 0.718000 0.564500 0.010000 0.011000
0 0.713000 0.570000 0.010000 0.010000
0 0.796000 0.624500 0.010000 0.011000
0 0.803000 0.624500 0.010000 0.011000
0 0.777000 0.492000 0.010000 0.010000
0 0.784000 0.473000 0.010000 0.010000
0 0.749500 0.499500 0.011000 0.011000
0 0.799000 0.184500 0.010000 0.011000
0 0.774000 0.170500 0.010000 0.011000
0 0.698000 0.140000 0.012000 0.012000
0 0.718000 0.222500 0.010000 0.011000
0 0.701000 0.206500 0.010000 0.011000
0 0.654000 0.156000 0.010000 0.010000
0 0.675000 0.215000 0.010000 0.010000
0 0.871000 0.228000 0.010000 0.010000
0 0.854000 0.226000 0.010000 0.010000
0 0.862000 0.250000 0.010000 0.010000
0 0.873000 0.243000 0.010000 0.010000
0 0.865000 0.286000 0.010000 0.010000
0 0.880000 0.328000 0.010000 0.010000
0 0.836000 0.276000 0.010000 0.010000
0 0.838000 0.325000 0.010000 0.010000
0 0.831000 0.330000 0.010000 0.010000
0 0.844500 0.398500 0.011000 0.011000
0 0.734000 0.490000 0.010000 0.010000
0 0.772000 0.418000 0.010000 0.010000
0 0.766000 0.367000 0.010000 0.010000
0 0.764000 0.376000 0.010000 0.010000
0 0.764000 0.392000 0.010000 0.010000
0 0.766000 0.402000 0.010000 0.010000
0 0.730500 0.364500 0.009000 0.009000
0 0.745500 0.425500 0.009000 0.009000
0 0.737500 0.430500 0.009000 0.009000
0 0.743500 0.405500 0.009000 0.009000
0 0.741000 0.399000 0.008000 0.008000
0 0.717500 0.471000 0.009000 0.010000
0 0.727500 0.444500 0.009000 0.009000
0 0.683000 0.471500 0.010000 0.011000
0 0.656000 0.479500 0.008000 0.009000
0 0.669000 0.383500 0.008000 0.009000
0 0.654000 0.442500 0.008000 0.009000
0 0.661000 0.442500 0.008000 0.009000
0 0.628000 0.443500 0.008000 0.009000
0 0.625000 0.428500 0.008000 0.009000
0 0.613500 0.429500 0.009000 0.009000
0 0.617500 0.417500 0.009000 0.009000
0 0.546000 0.460500 0.008000 0.009000
0 0.522000 0.470000 0.008000 0.010000
0 0.530000 0.481500 0.008000 0.009000
0 0.534000 0.489500 0.008000 0.009000
0 0.584500 0.471000 0.009000 0.010000
0 0.584500 0.476500 0.009000 0.009000
0 0.430000 0.454000 0.010000 0.010000
0 0.496500 0.459500 0.009000 0.009000
0 0.476000 0.459000 0.010000 0.010000
0 0.387000 0.453000 0.010000 0.010000
0 0.392500 0.431500 0.011000 0.011000
0 0.350000 0.365000 0.010000 0.010000
0 0.381500 0.341500 0.009000 0.009000
0 0.422500 0.362500 0.009000 0.009000
0 0.450000 0.375000 0.010000 0.010000
0 0.484000 0.396000 0.010000 0.010000
0 0.514000 0.431000 0.010000 0.010000
0 0.498000 0.444000 0.008000 0.008000
0 0.520000 0.397000 0.010000 0.010000
0 0.532000 0.362500 0.008000 0.009000
0 0.498500 0.360500 0.009000 0.009000
0 0.437500 0.412500 0.009000 0.009000
0 0.443500 0.433500 0.009000 0.009000
0 0.459500 0.432500 0.009000 0.009000
0 0.464500 0.440500 0.009000 0.009000
0 0.558000 0.356000 0.010000 0.010000
0 0.586500 0.363500 0.009000 0.009000
0 0.625000 0.333500 0.008000 0.009000
0 0.612500 0.341500 0.009000 0.009000
0 0.591500 0.336500 0.009000 0.009000
0 0.586500 0.339500 0.009000 0.009000
0 0.580500 0.337500 0.009000 0.009000
0 0.662000 0.314000 0.010000 0.010000
0 0.589500 0.380000 0.011000 0.010000
0 0.670000 0.284000 0.008000 0.010000
0 0.654000 0.280500 0.008000 0.009000
0 0.708500 0.334500 0.009000 0.009000
0 0.726500 0.339500 0.009000 0.009000
0 0.719500 0.345000 0.009000 0.010000
0 0.782000 0.261500 0.010000 0.011000
0 0.803000 0.288500 0.008000 0.009000
0 0.810500 0.295500 0.009000 0.009000
0 0.756000 0.320500 0.008000 0.009000
0 0.760000 0.314500 0.008000 0.009000
0 0.724500 0.275500 0.009000 0.009000
0 0.753000 0.281000 0.008000 0.010000
0 0.757000 0.288500 0.008000 0.009000
0 0.715500 0.255500 0.009000 0.009000
0 0.657000 0.245500 0.008000 0.009000
0 0.645000 0.227500 0.008000 0.009000
0 0.714500 0.281000 0.009000 0.010000
0 0.708500 0.292500 0.009000 0.009000
0 0.719500 0.297500 0.009000 0.009000
0 0.723500 0.317500 0.009000 0.009000
0 0.342000 0.477000 0.012000 0.012000
0 0.332000 0.410500 0.012000 0.013000
0 0.317000 0.371000 0.012000 0.012000
0 0.294500 0.353500 0.011000 0.011000
0 0.278000 0.337000 0.010000 0.010000
0 0.272000 0.334000 0.010000 0.010000
0 0.514000 0.324500 0.008000 0.009000
0 0.521000 0.313500 0.008000 0.009000
0 0.527000 0.295500 0.008000 0.009000
0 0.514000 0.291500 0.008000 0.009000
0 0.552000 0.274500 0.008000 0.009000
0 0.552000 0.253500 0.008000 0.009000
0 0.539000 0.246500 0.008000 0.009000
0 0.594500 0.224500 0.009000 0.009000
0 0.608500 0.186500 0.009000 0.009000
0 0.611500 0.203000 0.009000 0.010000
0 0.627000 0.195500 0.008000 0.009000
0 0.631000 0.191500 0.008000 0.009000
0 0.552000 0.155000 0.010000 0.010000
0 0.538000 0.155000 0.010000 0.010000
0 0.525000 0.133500 0.008000 0.009000
0 0.600000 0.124000 0.010000 0.010000
0 0.613500 0.104000 0.011000 0.012000
0 0.583000 0.096000 0.010000 0.010000
0 0.550000 0.077000 0.010000 0.010000
0 0.538000 0.077000 0.010000 0.010000
0 0.529000 0.088500 0.010000 0.011000
0 0.527000 0.104000 0.008000 0.010000
0 0.493000 0.205500 0.010000 0.011000
0 0.483000 0.191000 0.010000 0.010000
0 0.464000 0.150000 0.010000 0.010000
0 0.489000 0.141500 0.010000 0.011000
0 0.488000 0.130000 0.010000 0.010000
0 0.444000 0.171000 0.010000 0.010000
0 0.437500 0.185500 0.009000 0.009000
0 0.427500 0.189500 0.009000 0.009000
0 0.418500 0.194500 0.009000 0.009000
0 0.371500 0.102000 0.011000 0.012000
0 0.324500 0.143000 0.011000 0.012000
0 0.489000 0.045000 0.010000 0.010000
0 0.497000 0.022000 0.010000 0.010000
0 0.500500 0.114500 0.009000 0.009000
0 0.500500 0.091500 0.009000 0.009000
0 0.510000 0.107000 0.010000 0.010000
0 0.387000 0.064000 0.010000 0.010000
0 0.408000 0.026000 0.010000 0.010000
0 0.399000 0.027000 0.010000 0.010000
0 0.361500 0.033500 0.009000 0.009000
0 0.355000 0.039500 0.010000 0.009000
0 0.362000 0.067000 0.010000 0.010000
0 0.352000 0.082000 0.010000 0.010000
0 0.339000 0.088000 0.010000 0.010000
0 0.334000 0.091000 0.010000 0.010000
0 0.306000 0.073000 0.010000 0.010000
0 0.228000 0.139000 0.010000 0.010000
0 0.252000 0.163000 0.010000 0.010000
0 0.313000 0.193000 0.010000 0.010000
0 0.317000 0.213000 0.010000 0.010000
0 0.329000 0.227000 0.010000 0.010000
0 0.291000 0.204000 0.010000 0.010000
0 0.292000 0.218000 0.010000 0.010000
0 0.369000 0.231000 0.010000 0.010000
0 0.197000 0.208000 0.010000 0.010000
0 0.234000 0.229000 0.010000 0.010000
0 0.188000 0.239000 0.010000 0.010000
0 0.247000 0.265000 0.010000 0.010000
0 0.270000 0.277000 0.010000 0.010000
0 0.255000 0.283000 0.010000 0.010000
0 0.247000 0.294000 0.010000 0.010000
0 0.207000 0.330000 0.010000 0.010000
0 0.276500 0.305500 0.009000 0.009000
0 0.293500 0.311500 0.009000 0.009000
0 0.408500 0.254500 0.009000 0.009000
0 0.434500 0.260500 0.009000 0.009000
0 0.437500 0.271500 0.009000 0.009000
0 0.387500 0.241500 0.009000 0.009000
0 0.382500 0.244500 0.009000 0.009000
0 0.378500 0.250500 0.009000 0.009000
0 0.388500 0.264500 0.009000 0.009000
0 0.361500 0.263500 0.009000 0.009000
0 0.344500 0.251500 0.009000 0.009000
0 0.304500 0.248500 0.009000 0.009000
0 0.327500 0.251500 0.009000 0.009000
0 0.337500 0.273500 0.009000 0.009000
0 0.305500 0.277500 0.009000 0.009000
0 0.293500 0.253500 0.009000 0.009000
0 0.492000 0.261000 0.010000 0.010000
0 0.467500 0.295500 0.009000 0.009000
0 0.469500 0.308500 0.009000 0.009000
0 0.452500 0.328500 0.009000 0.009000
0 0.415500 0.318500 0.009000 0.009000
0 0.414500 0.332500 0.009000 0.009000
0 0.387500 0.301500 0.009000 0.009000
0 0.366500 0.295500 0.009000 0.009000
0 0.408500 0.286500 0.009000 0.009000
0 0.400500 0.287500 0.009000 0.009000
0 0.416500 0.305500 0.009000 0.009000
0 0.433500 0.324500 0.009000 0.009000
0 0.148000 0.201500 0.010000 0.011000
0 0.135500 0.257500 0.011000 0.011000
0 0.112000 0.290000 0.010000 0.010000
0 0.075000 0.305000 0.012000 0.012000
0 0.106000 0.351000 0.010000 0.010000
0 0.112000 0.351000 0.010000 0.010000
0 0.117000 0.383000 0.010000 0.010000
0 0.137000 0.412000 0.010000 0.010000
0 0.183000 0.427000 0.010000 0.010000
0 0.185000 0.479000 0.010000 0.010000
0 0.145000 0.471000 0.010000 0.010000
0 0.100000 0.416000 0.010000 0.010000
0 0.071000 0.413000 0.010000 0.010000
0 0.042000 0.418000 0.010000 0.010000
0 0.028000 0.388000 0.010000 0.010000
0 0.023000 0.417000 0.010000 0.010000
0 0.107500 0.569500 0.009000 0.009000
0 0.100500 0.572500 0.009000 0.009000
0 0.096500 0.562500 0.009000 0.009000
0 0.058500 0.552500 0.009000 0.009000
0 0.065500 0.506500 0.009000 0.009000
0 0.067500 0.491500 0.009000 0.009000
0 0.064500 0.447500 0.009000 0.009000
0 0.032500 0.446500 0.009000 0.009000
0 0.051500 0.460500 0.009000 0.009000
0 0.056500 0.484500 0.009000 0.009000
0 0.015500 0.468500 0.009000 0.009000
0 0.080500 0.565500 0.009000 0.009000
0 0.087500 0.570500 0.009000 0.009000
0 0.088500 0.563500 0.009000 0.009000
0 0.070500 0.542500 0.009000 0.009000
0 0.058500 0.536500 0.009000 0.009000
0 0.042000 0.540000 0.008000 0.008000
0 0.050000 0.539000 0.008000 0.008000
0 0.037000 0.566000 0.008000 0.008000
0 0.017000 0.562000 0.008000 0.008000
0 0.034500 0.519500 0.007000 0.007000
0 0.031500 0.512500 0.007000 0.007000
0 0.034500 0.477500 0.007000 0.007000
0 0.061500 0.476500 0.007000 0.007000
0 0.050500 0.473500 0.007000 0.007000
0 0.044500 0.483500 0.007000 0.007000
0 0.040500 0.487500 0.007000 0.007000
0 0.029500 0.487500 0.007000 0.007000
0 0.024500 0.493500 0.007000 0.007000
0 0.260500 0.483500 0.011000 0.011000
0 0.251500 0.450500 0.011000 0.011000
0 0.722000 0.073000 0.010000 0.010000
