0 0.376500 0.466000 0.023000 0.024000
0 0.438000 0.483000 0.018000 0.018000
0 0.489000 0.559500 0.026000 0.027000
0 0.503000 0.601000 0.020000 0.020000
0 0.423000 0.563000 0.022000 0.022000
0 0.419500 0.538500 0.021000 0.021000
0 0.359500 0.581000 0.021000 0.022000
0 0.401500 0.646000 0.023000 0.022000
0 0.508500 0.677500 0.017000 0.017000
0 0.443500 0.672000 0.023000 0.024000
0 0.580000 0.732000 0.018000 0.020000
0 0.593000 0.728500 0.018000 0.019000
0 0.679500 0.725500 0.019000 0.021000
0 0.700500 0.735000 0.023000 0.024000
0 0.652500 0.747500 0.021000 0.021000
0 0.616000 0.784000 0.022000 0.024000
0 0.585000 0.777000 0.020000 0.022000
0 0.551500 0.819000 0.021000 0.022000
0 0.599500 0.837000 0.019000 0.020000
0 0.633000 0.827500 0.014000 0.015000
0 0.667500 0.823000 0.021000 0.022000
0 0.687000 0.836000 0.020000 0.022000
0 0.668000 0.859000 0.024000 0.024000
0 0.622000 0.860000 0.018000 0.018000
0 0.632000 0.873500 0.022000 0.023000
0 0.572000 0.870500 0.022000 0.023000
0 0.580000 0.884000 0.022000 0.024000
0 0.741000 0.794500 0.024000 0.025000
0 0.737500 0.692500 0.023000 0.023000
0 0.822500 0.639500 0.023000 0.025000
0 0.874000 0.652000 0.026000 0.026000
0 0.807000 0.644000 0.022000 0.022000
0 0.812500 0.633500 0.023000 0.023000
0 0.771000 0.628500 0.024000 0.025000
0 0.725000 0.626500 0.020000 0.021000
0 0.871000 0.572000 0.024000 0.024000
0 0.843500 0.577000 0.023000 0.024000
0 0.847000 0.539500 0.022000 0.023000
0 0.878500 0.493500 0.023000 0.023000
0 0.791500 0.487000 0.017000 0.018000
0 0.815500 0.511500 0.015000 0.015000
0 0.767000 0.527000 0.018000 0.020000
0 0.814000 0.570000 0.016000 0.018000
0 0.791000 0.564500 0.018000 0.019000
0 0.783000 0.583000 0.022000 0.022000
0 0.754500 0.552500 0.019000 0.021000
0 0.742500 0.568000 0.021000 0.022000
0 0.627000 0.576000 0.022000 0.022000
0 0.623500 0.599500 0.023000 0.023000
0 0.564000 0.583000 0.022000 0.022000
0 0.559000 0.627500 0.022000 0.023000
0 0.634000 0.670500 0.022000 0.021000
0 0.610500 0.685000 0.023000 0.022000
0 0.943500 0.540500 0.019000 0.027000
0 0.928000 0.540000 0.020000 0.028000
0 0.915000 0.582000 0.022000 0.024000
0 0.877500 0.449500 0.021000 0.023000
0 0.865500 0.434000 0.021000 0.022000
0 0.817000 0.424500 0.026000 0.027000
0 0.760000 0.402000 0.022000 0.022000
0 0.853500 0.334000 0.023000 0.024000
0 0.883500 0.312500 0.027000 0.029000
0 0.745500 0.310500 0.023000 0.023000
0 0.756500 0.330000 0.019000 0.018000
0 0.763500 0.344500 0.019000 0.019000
0 0.718000 0.321500 0.020000 0.019000
0 0.729000 0.344000 0.022000 0.022000
0 0.707000 0.361000 0.024000 0.024000
0 0.685000 0.365000 0.014000 0.014000
0 0.652500 0.271500 0.019000 0.019000
0 0.668500 0.303000 0.023000 0.024000
0 0.605500 0.312000 0.017000 0.018000
0 0.652000 0.371500 0.022000 0.023000
0 0.632500 0.366500 0.025000 0.027000
0 0.605500 0.383500 0.021000 0.021000
0 0.695500 0.451500 0.023000 0.025000
0 0.659000 0.480000 0.024000 0.024000
0 0.585500 0.430000 0.025000 0.024000
0 0.589500 0.474500 0.023000 0.023000
0 0.562000 0.472500 0.024000 0.025000
0 0.553000 0.319000 0.022000 0.022000
0 0.562000 0.238500 0.018000 0.019000
0 0.499000 0.831000 0.022000 0.022000
0 0.393000 0.841000 0.024000 0.024000
0 0.368000 0.827500 0.024000 0.025000
0 0.288500 0.811000 0.025000 0.026000
0 0.198500 0.789500 0.023000 0.025000
0 0.132500 0.719000 0.025000 0.026000
0 0.123000 0.686500 0.024000 0.025000
0 0.152000 0.652500 0.028000 0.027000
0 0.082500 0.635000 0.025000 0.026000
0 0.131500 0.572500 0.023000 0.023000
0 0.076500 0.458500 0.025000 0.027000
0 0.165500 0.350000 0.023000 0.024000
0 0.228000 0.367000 0.022000 0.022000
0 0.270500 0.397500 0.019000 0.019000
0 0.127500 0.364500 0.027000 0.027000
0 0.237500 0.329500 0.025000 0.025000
0 0.335000 0.580500 0.022000 0.023000
0 0.312500 0.579000 0.021000 0.022000
0 0.318000 0.570000 0.024000 0.024000
0 0.328500 0.512000 0.021000 0.022000
0 0.258500 0.554000 0.021000 0.022000
0 0.299500 0.516000 0.021000 0.022000
0 0.290000 0.528500 0.020000 0.021000
0 0.213000 0.439500 0.024000 0.025000
0 0.222000 0.480500 0.028000 0.027000
0 0.279500 0.462000 0.021000 0.022000
0 0.294500 0.477000 0.021000 0.020000
0 0.294500 0.489500 0.013000 0.013000
0 0.257500 0.471000 0.021000 0.022000
0 0.269500 0.536500 0.017000 0.017000
0 0.226000 0.420500 0.014000 0.015000
0 0.212500 0.403500 0.021000 0.023000
0 0.199000 0.396000 0.020000 0.020000
0 0.194000 0.404500 0.022000 0.023000
0 0.162500 0.407000 0.023000 0.024000
0 0.264000 0.522500 0.022000 0.023000
0 0.254500 0.509000 0.023000 0.024000
0 0.829500 0.233500 0.023000 0.023000
0 0.766500 0.222000 0.029000 0.030000
0 0.679500 0.239500 0.025000 0.025000
0 0.664500 0.217500 0.023000 0.025000
0 0.632000 0.153000 0.016000 0.016000
0 0.618500 0.137000 0.023000 0.024000
0 0.711000 0.118500 0.026000 0.027000
0 0.636500 0.209000 0.023000 0.024000
0 0.640500 0.219000 0.021000 0.022000
0 0.634500 0.249000 0.023000 0.024000
0 0.603500 0.116000 0.025000 0.026000
0 0.637000 0.095500 0.028000 0.029000
0 0.682000 0.099000 0.028000 0.028000
0 0.662000 0.131500 0.024000 0.023000
0 0.672500 0.148500 0.023000 0.023000
0 0.665000 0.155500 0.026000 0.025000
0 0.584000 0.076500 0.028000 0.029000
0 0.541000 0.074000 0.028000 0.028000
0 0.543000 0.083500 0.028000 0.029000
0 0.465000 0.084500 0.030000 0.027000
0 0.469000 0.120000 0.022000 0.022000
0 0.442000 0.115000 0.022000 0.022000
0 0.392500 0.209500 0.023000 0.023000
0 0.292000 0.117000 0.026000 0.026000
0 0.269000 0.241500 0.020000 0.021000
0 0.229500 0.250000 0.025000 0.026000
0 0.150500 0.292000 0.025000 0.026000
0 0.187000 0.276000 0.026000 0.026000
0 0.180000 0.250500 0.024000 0.025000
0 0.185500 0.209000 0.023000 0.024000
0 0.207500 0.188500 0.019000 0.019000
0 0.183500 0.165000 0.025000 0.024000
0 0.244000 0.438500 0.022000 0.023000
0 0.263000 0.451500 0.020000 0.021000
0 0.256500 0.439000 0.021000 0.022000
