0 0.840000 0.399500 0.026000 0.027000
0 0.780500 0.387500 0.009000 0.009000
0 0.835500 0.514500 0.009000 0.009000
0 0.858000 0.231500 0.024000 0.025000
0 0.674000 0.080500 0.022000 0.023000
0 0.558500 0.054500 0.033000 0.031000
0 0.632500 0.204000 0.009000 0.010000
0 0.599500 0.213500 0.009000 0.009000
0 0.620500 0.228500 0.009000 0.009000
0 0.555500 0.211500 0.009000 0.009000
0 0.673500 0.251500 0.009000 0.009000
0 0.503500 0.117500 0.041000 0.043000
0 0.383500 0.090500 0.025000 0.025000
0 0.384500 0.111500 0.009000 0.009000
0 0.476500 0.249500 0.009000 0.009000
0 0.423500 0.241500 0.009000 0.009000
0 0.431500 0.268500 0.009000 0.009000
0 0.428500 0.324500 0.009000 0.009000
0 0.325000 0.262500 0.010000 0.011000
0 0.297500 0.250500 0.009000 0.009000
0 0.371500 0.330500 0.009000 0.009000
0 0.340000 0.357000 0.010000 0.010000
0 0.467500 0.393500 0.009000 0.009000
0 0.424500 0.520000 0.027000 0.028000
0 0.416500 0.553500 0.009000 0.009000
0 0.479500 0.598000 0.029000 0.030000
0 0.486000 0.633000 0.024000 0.024000
0 0.488500 0.644000 0.025000 0.026000
0 0.518500 0.551500 0.009000 0.009000
0 0.534500 0.638500 0.009000 0.009000
0 0.563000 0.671500 0.028000 0.029000
0 0.599500 0.700000 0.027000 0.028000
0 0.675000 0.528500 0.034000 0.037000
0 0.707500 0.510500 0.009000 0.009000
0 0.643500 0.533500 0.009000 0.009000
0 0.916500 0.584500 0.009000 0.009000
0 0.826500 0.648500 0.011000 0.011000
0 0.796500 0.697500 0.011000 0.011000
0 0.445000 0.675000 0.010000 0.010000
0 0.359000 0.610000 0.010000 0.010000
0 0.278500 0.760500 0.029000 0.029000
0 0.328500 0.752000 0.009000 0.010000
0 0.304500 0.787500 0.009000 0.009000
0 0.226000 0.561000 0.038000 0.036000
0 0.152000 0.599000 0.024000 0.024000
0 0.159000 0.592500 0.026000 0.027000
0 0.145000 0.522000 0.010000 0.010000
0 0.273500 0.467500 0.011000 0.011000
0 0.119000 0.460000 0.008000 0.008000
0 0.103500 0.479000 0.025000 0.026000
0 0.044000 0.462000 0.026000 0.028000
0 0.150500 0.411500 0.009000 0.009000
0 0.085500 0.335500 0.009000 0.009000
0 0.080500 0.354500 0.009000 0.009000
0 0.074500 0.375500 0.009000 0.009000
0 0.168000 0.299000 0.010000 0.010000
