0 0.917500 0.649500 0.009000 0.009000
0 0.901500 0.697500 0.009000 0.009000
0 0.945500 0.553500 0.009000 0.009000
0 0.887500 0.624500 0.009000 0.009000
0 0.913000 0.497000 0.034000 0.034000
0 0.802000 0.575000 0.042000 0.040000
0 0.846000 0.471000 0.044000 0.042000
0 0.771000 0.509500 0.032000 0.031000
0 0.744500 0.568000 0.031000 0.032000
0 0.722500 0.520500 0.009000 0.009000
0 0.712500 0.549500 0.009000 0.009000
0 0.668500 0.498500 0.009000 0.009000
0 0.658500 0.528500 0.009000 0.009000
0 0.691000 0.535000 0.028000 0.028000
0 0.660500 0.457000 0.043000 0.042000
0 0.755500 0.296500 0.031000 0.031000
0 0.668000 0.329500 0.028000 0.029000
0 0.629000 0.372000 0.026000 0.026000
0 0.752000 0.243000 0.008000 0.008000
0 0.722000 0.222000 0.010000 0.010000
0 0.691000 0.219000 0.010000 0.010000
0 0.711000 0.168000 0.010000 0.010000
0 0.628000 0.279000 0.010000 0.010000
0 0.604500 0.227500 0.009000 0.009000
0 0.650000 0.242000 0.036000 0.038000
0 0.914500 0.383000 0.045000 0.048000
0 0.843000 0.369000 0.010000 0.010000
0 0.848000 0.266000 0.010000 0.010000
0 0.544000 0.527000 0.010000 0.010000
0 0.524000 0.597000 0.010000 0.010000
0 0.506000 0.550500 0.026000 0.027000
0 0.451000 0.536000 0.032000 0.032000
0 0.528000 0.420000 0.010000 0.010000
0 0.469000 0.330000 0.010000 0.010000
0 0.387000 0.252000 0.010000 0.010000
0 0.353000 0.320000 0.010000 0.010000
0 0.320000 0.391000 0.010000 0.010000
0 0.318500 0.350000 0.027000 0.028000
0 0.439000 0.220000 0.026000 0.026000
0 0.373500 0.072500 0.009000 0.009000
0 0.544500 0.091500 0.009000 0.009000
0 0.535000 0.100000 0.008000 0.008000
0 0.516000 0.111000 0.010000 0.010000
0 0.517500 0.051500 0.009000 0.009000
0 0.162500 0.334000 0.035000 0.038000
0 0.126500 0.360000 0.025000 0.028000
0 0.266500 0.447500 0.009000 0.009000
0 0.238500 0.538500 0.009000 0.009000
0 0.118500 0.463500 0.009000 0.009000
0 0.129500 0.586500 0.009000 0.009000
0 0.218500 0.721500 0.009000 0.009000
0 0.313500 0.493500 0.009000 0.009000
0 0.351000 0.856500 0.038000 0.039000
0 0.350500 0.909500 0.009000 0.009000
0 0.379500 0.790500 0.009000 0.009000
0 0.400500 0.759500 0.009000 0.009000
0 0.428500 0.731500 0.009000 0.009000
0 0.388500 0.730500 0.009000 0.009000
0 0.400500 0.705500 0.009000 0.009000
0 0.765500 0.621500 0.009000 0.009000
