0 0.728500 0.192000 0.025000 0.024000
0 0.730500 0.264500 0.009000 0.009000
0 0.631500 0.342500 0.009000 0.009000
0 0.666000 0.555000 0.008000 0.008000
0 0.649000 0.621000 0.008000 0.008000
0 0.742000 0.774000 0.008000 0.008000
0 0.639000 0.818000 0.008000 0.008000
0 0.625000 0.783000 0.008000 0.008000
0 0.749000 0.701000 0.008000 0.008000
0 0.742000 0.716000 0.008000 0.008000
0 0.738000 0.711000 0.008000 0.008000
0 0.568500 0.817000 0.021000 0.022000
0 0.548000 0.925000 0.032000 0.032000
0 0.537000 0.946000 0.034000 0.032000
0 0.496000 0.815000 0.008000 0.008000
0 0.472000 0.928000 0.008000 0.008000
0 0.369000 0.916000 0.008000 0.008000
0 0.427000 0.812000 0.008000 0.008000
0 0.398500 0.814500 0.023000 0.023000
0 0.392500 0.839500 0.023000 0.023000
0 0.379000 0.810000 0.008000 0.008000
0 0.321000 0.807000 0.008000 0.008000
0 0.356000 0.783000 0.008000 0.008000
0 0.364500 0.714000 0.023000 0.022000
0 0.222000 0.718000 0.008000 0.008000
0 0.221500 0.756000 0.031000 0.032000
0 0.201500 0.779500 0.027000 0.027000
0 0.181000 0.610500 0.022000 0.023000
0 0.285000 0.661000 0.022000 0.022000
0 0.321000 0.595000 0.008000 0.008000
0 0.385000 0.533500 0.022000 0.023000
0 0.400000 0.475000 0.008000 0.008000
0 0.464000 0.469000 0.008000 0.008000
0 0.557000 0.561000 0.008000 0.008000
0 0.575500 0.569500 0.023000 0.023000
0 0.501500 0.387500 0.009000 0.009000
0 0.526500 0.299500 0.009000 0.009000
0 0.504500 0.301500 0.009000 0.009000
0 0.604000 0.217000 0.008000 0.008000
0 0.570000 0.217000 0.008000 0.008000
0 0.459000 0.253000 0.008000 0.008000
0 0.423000 0.282000 0.008000 0.008000
0 0.391500 0.336000 0.023000 0.024000
0 0.348000 0.346500 0.024000 0.023000
0 0.322000 0.357000 0.008000 0.008000
0 0.324000 0.296000 0.008000 0.008000
0 0.298000 0.271000 0.008000 0.008000
0 0.267500 0.369500 0.023000 0.023000
0 0.216000 0.476000 0.008000 0.008000
0 0.222000 0.401000 0.008000 0.008000
0 0.212000 0.400000 0.008000 0.008000
0 0.067000 0.560000 0.008000 0.008000
0 0.084000 0.651000 0.008000 0.008000
0 0.074000 0.652000 0.008000 0.008000
0 0.213500 0.220500 0.009000 0.009000
0 0.285000 0.159000 0.008000 0.008000
0 0.235000 0.158000 0.008000 0.008000
0 0.242000 0.138500 0.026000 0.027000
0 0.416500 0.123000 0.033000 0.034000
0 0.450000 0.093500 0.034000 0.035000
0 0.491000 0.067500 0.022000 0.021000
0 0.487000 0.092500 0.024000 0.025000
0 0.510000 0.064000 0.008000 0.008000
0 0.525000 0.112000 0.008000 0.008000
0 0.404000 0.181000 0.008000 0.008000
0 0.400000 0.210000 0.008000 0.008000
0 0.458000 0.708000 0.008000 0.008000
