0 0.824500 0.433500 0.013000 0.013000
0 0.794500 0.451500 0.013000 0.013000
0 0.750500 0.497500 0.013000 0.013000
0 0.716500 0.502500 0.013000 0.013000
0 0.898500 0.573500 0.013000 0.013000
0 0.871500 0.573500 0.013000 0.013000
0 0.874500 0.673500 0.013000 0.013000
0 0.854500 0.664500 0.013000 0.013000
0 0.820500 0.733500 0.013000 0.013000
0 0.700500 0.861500 0.013000 0.013000
0 0.679500 0.882500 0.013000 0.013000
0 0.668500 0.815500 0.013000 0.013000
0 0.653500 0.768500 0.013000 0.013000
0 0.613500 0.743500 0.013000 0.013000
0 0.455500 0.797500 0.013000 0.013000
0 0.366500 0.848500 0.011000 0.011000
0 0.349500 0.838500 0.011000 0.011000
0 0.168500 0.799500 0.011000 0.011000
0 0.193500 0.714500 0.011000 0.011000
0 0.263500 0.650500 0.011000 0.011000
0 0.116000 0.725000 0.012000 0.012000
0 0.121000 0.771000 0.012000 0.012000
0 0.131000 0.593000 0.012000 0.012000
0 0.155000 0.572000 0.012000 0.012000
0 0.218000 0.548000 0.012000 0.012000
0 0.151000 0.534000 0.012000 0.012000
0 0.253000 0.332000 0.012000 0.012000
0 0.294000 0.296000 0.012000 0.012000
0 0.271000 0.234000 0.012000 0.012000
0 0.175000 0.233000 0.012000 0.012000
0 0.184000 0.278000 0.012000 0.012000
0 0.182000 0.317000 0.012000 0.012000
0 0.166000 0.318000 0.012000 0.012000
0 0.150000 0.342000 0.012000 0.012000
0 0.091500 0.301500 0.011000 0.011000
0 0.069500 0.312500 0.011000 0.011000
0 0.145500 0.183500 0.011000 0.011000
0 0.180500 0.196500 0.011000 0.011000
0 0.375000 0.693000 0.012000 0.012000
0 0.445000 0.628000 0.012000 0.012000
0 0.570000 0.632000 0.012000 0.012000
0 0.638000 0.522000 0.012000 0.012000
0 0.674000 0.485000 0.012000 0.012000
0 0.697500 0.461500 0.011000 0.011000
0 0.700500 0.467500 0.011000 0.011000
0 0.683500 0.428500 0.011000 0.011000
0 0.612000 0.398000 0.012000 0.012000
0 0.788500 0.293500 0.013000 0.013000
0 0.820500 0.175500 0.011000 0.011000
0 0.744000 0.179500 0.012000 0.013000
0 0.693000 0.229500 0.012000 0.013000
0 0.602500 0.228500 0.011000 0.011000
0 0.591500 0.162500 0.011000 0.011000
0 0.602500 0.121000 0.013000 0.012000
0 0.439000 0.053000 0.012000 0.012000
0 0.425000 0.245000 0.012000 0.012000
0 0.537000 0.456000 0.012000 0.012000
0 0.324000 0.404000 0.010000 0.010000
0 0.324000 0.416000 0.010000 0.010000
0 0.378000 0.505000 0.010000 0.010000
0 0.377000 0.509000 0.010000 0.010000
0 0.380000 0.458000 0.010000 0.010000
0 0.383000 0.449000 0.010000 0.010000
0 0.397000 0.418000 0.010000 0.010000
0 0.403000 0.409000 0.010000 0.010000
0 0.404000 0.401000 0.010000 0.010000
