0 0.475000 0.621500 0.026000 0.025000
0 0.453000 0.576500 0.022000 0.023000
0 0.432000 0.552500 0.014000 0.015000
0 0.406000 0.569000 0.022000 0.024000
0 0.409500 0.516500 0.023000 0.023000
0 0.507500 0.514500 0.019000 0.019000
0 0.544000 0.521000 0.024000 0.024000
0 0.562500 0.616500 0.019000 0.019000
0 0.372000 0.703500 0.012000 0.013000
0 0.313000 0.650500 0.024000 0.025000
0 0.333000 0.675500 0.022000 0.023000
0 0.314500 0.709000 0.025000 0.028000
0 0.271500 0.690500 0.023000 0.023000
0 0.269000 0.698000 0.024000 0.024000
0 0.277000 0.722000 0.024000 0.024000
0 0.260000 0.750000 0.024000 0.026000
0 0.270000 0.772000 0.024000 0.024000
0 0.253500 0.808500 0.029000 0.029000
0 0.259500 0.895000 0.027000 0.028000
0 0.415000 0.901000 0.022000 0.024000
0 0.428000 0.924500 0.014000 0.015000
0 0.385500 0.884000 0.019000 0.020000
0 0.373500 0.909500 0.025000 0.027000
0 0.351000 0.891500 0.018000 0.019000
0 0.324000 0.896500 0.026000 0.027000
0 0.335500 0.911000 0.019000 0.020000
0 0.471500 0.923500 0.025000 0.025000
0 0.542000 0.914000 0.022000 0.022000
0 0.598500 0.874500 0.025000 0.025000
0 0.633500 0.910500 0.025000 0.025000
0 0.647000 0.936500 0.024000 0.023000
0 0.670000 0.934500 0.024000 0.023000
0 0.668000 0.882500 0.028000 0.027000
0 0.601500 0.918500 0.025000 0.025000
0 0.589500 0.896500 0.023000 0.023000
0 0.576500 0.911000 0.023000 0.024000
0 0.541500 0.833500 0.025000 0.027000
0 0.676500 0.804500 0.019000 0.019000
0 0.695000 0.825500 0.024000 0.025000
0 0.795500 0.835000 0.021000 0.022000
0 0.771500 0.867500 0.027000 0.031000
0 0.740000 0.866500 0.026000 0.027000
0 0.719000 0.872000 0.020000 0.022000
0 0.744000 0.834000 0.024000 0.024000
0 0.756000 0.813500 0.026000 0.027000
0 0.723000 0.808000 0.028000 0.028000
0 0.743000 0.727500 0.020000 0.021000
0 0.842000 0.747000 0.030000 0.032000
0 0.782000 0.697500 0.036000 0.037000
0 0.894500 0.659500 0.027000 0.029000
0 0.794500 0.636500 0.023000 0.023000
0 0.799000 0.613000 0.024000 0.024000
0 0.914500 0.496500 0.027000 0.029000
0 0.927500 0.452500 0.029000 0.029000
0 0.921000 0.426000 0.024000 0.024000
0 0.870000 0.433500 0.024000 0.027000
0 0.850500 0.427500 0.027000 0.027000
0 0.831000 0.396500 0.028000 0.029000
0 0.872500 0.346500 0.025000 0.025000
0 0.886500 0.306500 0.021000 0.021000
0 0.882000 0.323500 0.022000 0.023000
0 0.897000 0.316500 0.024000 0.025000
0 0.820500 0.352500 0.023000 0.023000
0 0.790000 0.264000 0.026000 0.026000
0 0.832000 0.278500 0.024000 0.023000
0 0.881500 0.274000 0.025000 0.028000
0 0.857500 0.289500 0.021000 0.021000
0 0.844000 0.303000 0.016000 0.016000
0 0.813500 0.300500 0.021000 0.021000
0 0.798000 0.287000 0.020000 0.020000
0 0.798000 0.298000 0.020000 0.020000
0 0.840000 0.323000 0.022000 0.022000
0 0.834000 0.335500 0.024000 0.023000
0 0.719000 0.366000 0.022000 0.022000
0 0.465500 0.821000 0.023000 0.024000
0 0.460500 0.860000 0.019000 0.020000
0 0.451500 0.850000 0.019000 0.020000
0 0.484500 0.841000 0.021000 0.022000
0 0.493000 0.832500 0.024000 0.025000
0 0.440000 0.833500 0.020000 0.021000
0 0.457500 0.835500 0.021000 0.021000
