0 0.856000 0.365000 0.016000 0.018000
0 0.830500 0.362000 0.019000 0.020000
0 0.857500 0.479500 0.021000 0.021000
0 0.740500 0.381000 0.017000 0.018000
0 0.817000 0.503000 0.020000 0.020000
0 0.774000 0.522000 0.020000 0.020000
0 0.702000 0.561000 0.018000 0.020000
0 0.714500 0.565000 0.017000 0.018000
0 0.777500 0.569000 0.019000 0.020000
0 0.774000 0.597000 0.018000 0.018000
0 0.778000 0.606000 0.020000 0.020000
0 0.680000 0.586000 0.018000 0.018000
0 0.720500 0.613500 0.019000 0.019000
0 0.737000 0.633000 0.018000 0.018000
0 0.749500 0.627500 0.019000 0.021000
0 0.816500 0.679000 0.021000 0.020000
0 0.825000 0.671500 0.020000 0.021000
0 0.699000 0.651000 0.020000 0.020000
0 0.699500 0.669500 0.019000 0.019000
0 0.750000 0.725500 0.020000 0.021000
0 0.738500 0.749500 0.019000 0.019000
0 0.638000 0.722000 0.020000 0.020000
0 0.706000 0.775000 0.020000 0.020000
0 0.689500 0.778000 0.021000 0.022000
0 0.781000 0.837500 0.020000 0.021000
0 0.628500 0.493500 0.019000 0.021000
0 0.641500 0.517500 0.021000 0.021000
0 0.599500 0.540000 0.021000 0.022000
0 0.604000 0.563500 0.020000 0.021000
0 0.526000 0.602500 0.020000 0.019000
0 0.597500 0.649500 0.019000 0.019000
0 0.537000 0.644500 0.022000 0.023000
0 0.525500 0.669000 0.021000 0.022000
0 0.544500 0.710500 0.015000 0.015000
0 0.472000 0.760500 0.022000 0.021000
0 0.483500 0.778000 0.019000 0.018000
0 0.514500 0.856000 0.021000 0.022000
0 0.494500 0.853000 0.021000 0.022000
0 0.212500 0.873500 0.017000 0.019000
0 0.269000 0.772000 0.020000 0.020000
0 0.266500 0.761000 0.019000 0.020000
0 0.315000 0.727000 0.022000 0.022000
0 0.163500 0.704000 0.017000 0.018000
0 0.137500 0.755000 0.017000 0.018000
0 0.119000 0.713500 0.018000 0.019000
0 0.100000 0.721000 0.018000 0.018000
0 0.075500 0.672000 0.019000 0.020000
0 0.207500 0.642000 0.021000 0.022000
0 0.334000 0.661500 0.022000 0.023000
0 0.152500 0.565000 0.019000 0.020000
0 0.076000 0.553500 0.020000 0.021000
0 0.103500 0.568000 0.021000 0.022000
0 0.118000 0.575500 0.018000 0.019000
0 0.321500 0.454500 0.021000 0.021000
0 0.296500 0.475000 0.019000 0.020000
0 0.256500 0.482500 0.023000 0.023000
0 0.077000 0.411500 0.020000 0.021000
0 0.171500 0.414000 0.021000 0.022000
0 0.204000 0.390500 0.016000 0.017000
0 0.151000 0.379500 0.014000 0.015000
0 0.133000 0.389500 0.020000 0.021000
0 0.126500 0.411500 0.019000 0.021000
0 0.254000 0.424000 0.020000 0.022000
0 0.256500 0.403500 0.017000 0.017000
0 0.244000 0.400500 0.016000 0.017000
0 0.346500 0.365000 0.021000 0.022000
0 0.344000 0.343000 0.020000 0.020000
0 0.231000 0.334500 0.016000 0.017000
0 0.210500 0.323000 0.017000 0.018000
0 0.188000 0.311500 0.020000 0.021000
0 0.176500 0.327500 0.019000 0.019000
0 0.157000 0.300000 0.020000 0.020000
0 0.240000 0.250500 0.018000 0.019000
0 0.319000 0.225000 0.018000 0.020000
0 0.246500 0.187500 0.017000 0.017000
0 0.250000 0.149000 0.020000 0.020000
0 0.267500 0.158000 0.019000 0.020000
0 0.174500 0.227500 0.019000 0.019000
0 0.195500 0.197500 0.019000 0.019000
0 0.198000 0.191000 0.016000 0.016000
0 0.304000 0.105000 0.020000 0.022000
0 0.325500 0.107000 0.019000 0.020000
0 0.355000 0.115000 0.016000 0.016000
0 0.433000 0.128000 0.018000 0.020000
0 0.399500 0.113000 0.019000 0.020000
0 0.531000 0.061500 0.020000 0.021000
0 0.561500 0.090500 0.017000 0.019000
0 0.518500 0.110000 0.019000 0.020000
0 0.561500 0.181500 0.021000 0.021000
0 0.543500 0.207000 0.017000 0.018000
0 0.486500 0.230500 0.021000 0.021000
0 0.525500 0.272000 0.019000 0.020000
0 0.600000 0.293000 0.018000 0.018000
0 0.614000 0.317500 0.020000 0.021000
0 0.512000 0.350000 0.018000 0.018000
0 0.579000 0.371000 0.012000 0.012000
0 0.582000 0.382000 0.018000 0.018000
0 0.597000 0.433000 0.018000 0.018000
0 0.576000 0.422000 0.020000 0.020000
0 0.578000 0.451000 0.016000 0.016000
0 0.550500 0.457000 0.017000 0.018000
0 0.554500 0.453500 0.019000 0.019000
0 0.515000 0.421000 0.020000 0.022000
0 0.462000 0.573500 0.022000 0.021000
0 0.440000 0.669500 0.020000 0.021000
0 0.584000 0.882000 0.022000 0.022000
0 0.378000 0.266500 0.018000 0.017000
0 0.454500 0.384000 0.021000 0.022000
0 0.663500 0.179500 0.021000 0.021000
0 0.719000 0.175500 0.020000 0.021000
0 0.783500 0.204500 0.021000 0.021000
0 0.746500 0.244000 0.017000 0.018000
0 0.688500 0.097500 0.015000 0.015000
0 0.872000 0.233500 0.018000 0.019000
0 0.349500 0.042000 0.021000 0.022000
