0 0.868000 0.295000 0.012000 0.012000
0 0.863500 0.395500 0.011000 0.011000
0 0.867500 0.408500 0.011000 0.011000
0 0.857000 0.488000 0.012000 0.012000
0 0.904000 0.512500 0.012000 0.013000
0 0.936500 0.689000 0.011000 0.012000
0 0.928500 0.711000 0.011000 0.012000
0 0.898500 0.688500 0.011000 0.011000
0 0.875500 0.683000 0.011000 0.012000
0 0.863000 0.764000 0.012000 0.012000
0 0.822500 0.751500 0.011000 0.011000
0 0.735000 0.728000 0.012000 0.012000
0 0.691500 0.723500 0.009000 0.009000
0 0.617000 0.750000 0.010000 0.010000
0 0.574000 0.759500 0.012000 0.011000
0 0.586000 0.693000 0.012000 0.012000
0 0.603000 0.790000 0.010000 0.010000
0 0.595000 0.798000 0.008000 0.008000
0 0.538000 0.829000 0.012000 0.012000
0 0.496000 0.802000 0.008000 0.008000
0 0.645500 0.953500 0.011000 0.011000
0 0.530500 0.912000 0.011000 0.012000
0 0.524500 0.941500 0.013000 0.013000
0 0.443000 0.966000 0.010000 0.010000
0 0.385500 0.874500 0.011000 0.011000
0 0.383000 0.921000 0.012000 0.012000
0 0.329500 0.848500 0.011000 0.011000
0 0.283500 0.881500 0.011000 0.011000
0 0.339500 0.887500 0.011000 0.011000
0 0.349000 0.893000 0.012000 0.012000
0 0.238500 0.825500 0.011000 0.011000
0 0.180000 0.783000 0.012000 0.012000
0 0.343000 0.744000 0.012000 0.012000
0 0.369000 0.755000 0.012000 0.012000
0 0.404000 0.734500 0.012000 0.011000
0 0.355000 0.698000 0.012000 0.012000
0 0.362500 0.666500 0.011000 0.011000
0 0.388500 0.644500 0.011000 0.011000
0 0.461500 0.654500 0.013000 0.013000
0 0.327500 0.646500 0.007000 0.007000
0 0.347500 0.617500 0.011000 0.011000
0 0.408000 0.601000 0.012000 0.012000
0 0.401500 0.562500 0.011000 0.011000
0 0.336000 0.573000 0.012000 0.012000
0 0.372000 0.529500 0.012000 0.013000
0 0.487000 0.498000 0.012000 0.012000
0 0.561000 0.486500 0.012000 0.013000
0 0.520500 0.546500 0.013000 0.013000
0 0.528000 0.665000 0.012000 0.012000
0 0.738500 0.593500 0.013000 0.013000
0 0.745500 0.340500 0.013000 0.013000
0 0.694500 0.372500 0.013000 0.013000
0 0.548000 0.325000 0.012000 0.012000
0 0.582500 0.222500 0.013000 0.013000
0 0.514500 0.232500 0.013000 0.013000
0 0.517500 0.213500 0.013000 0.013000
0 0.480500 0.223500 0.013000 0.013000
0 0.393500 0.281000 0.011000 0.012000
0 0.406000 0.307000 0.012000 0.012000
0 0.411000 0.312000 0.012000 0.012000
0 0.320000 0.375000 0.012000 0.012000
0 0.307000 0.393000 0.014000 0.014000
0 0.065000 0.395000 0.012000 0.012000
0 0.046000 0.432000 0.012000 0.012000
0 0.079500 0.304500 0.011000 0.011000
0 0.059500 0.539000 0.013000 0.012000
0 0.075000 0.621000 0.012000 0.012000
0 0.236000 0.215500 0.014000 0.013000
0 0.209500 0.195500 0.013000 0.013000
0 0.168500 0.218500 0.011000 0.011000
0 0.310000 0.190000 0.012000 0.012000
0 0.349500 0.137500 0.013000 0.013000
0 0.409500 0.114500 0.011000 0.011000
0 0.832500 0.167500 0.011000 0.011000
0 0.809500 0.142500 0.011000 0.011000
0 0.799000 0.144500 0.012000 0.013000
0 0.559500 0.104500 0.013000 0.013000
