0 0.950000 0.503500 0.012000 0.013000
0 0.891000 0.532500 0.012000 0.013000
0 0.884000 0.565500 0.012000 0.013000
0 0.872000 0.555500 0.012000 0.013000
0 0.865000 0.603000 0.014000 0.014000
0 0.778000 0.543000 0.014000 0.014000
0 0.695500 0.608500 0.013000 0.013000
0 0.690000 0.679000 0.016000 0.016000
0 0.728000 0.537000 0.010000 0.010000
0 0.721000 0.545500 0.012000 0.013000
0 0.706000 0.562500 0.012000 0.013000
0 0.697000 0.557500 0.012000 0.013000
0 0.690500 0.502000 0.011000 0.012000
0 0.721500 0.449500 0.011000 0.011000
0 0.700000 0.423000 0.012000 0.012000
0 0.681500 0.490500 0.011000 0.011000
0 0.645500 0.517500 0.013000 0.013000
0 0.625000 0.486000 0.012000 0.012000
0 0.613500 0.415500 0.011000 0.011000
0 0.627000 0.375000 0.012000 0.012000
0 0.611500 0.391500 0.013000 0.013000
0 0.586500 0.406500 0.013000 0.013000
0 0.595500 0.457500 0.013000 0.013000
0 0.587000 0.529000 0.012000 0.012000
0 0.567500 0.557500 0.013000 0.013000
0 0.586500 0.589500 0.013000 0.013000
0 0.579500 0.602500 0.013000 0.013000
0 0.541500 0.584500 0.013000 0.013000
0 0.645000 0.617000 0.012000 0.012000
0 0.591000 0.634000 0.012000 0.012000
0 0.503500 0.611500 0.013000 0.013000
0 0.489500 0.657500 0.015000 0.015000
0 0.454500 0.641500 0.013000 0.013000
0 0.434500 0.642500 0.013000 0.013000
0 0.448500 0.581500 0.013000 0.013000
0 0.458500 0.568500 0.013000 0.013000
0 0.415500 0.573500 0.013000 0.013000
0 0.413500 0.536500 0.013000 0.013000
0 0.416500 0.501500 0.013000 0.013000
0 0.489500 0.488500 0.013000 0.013000
0 0.545500 0.505500 0.013000 0.013000
0 0.528500 0.518500 0.013000 0.013000
0 0.576500 0.509500 0.013000 0.013000
0 0.574500 0.421500 0.013000 0.013000
0 0.594500 0.463500 0.013000 0.013000
0 0.517500 0.444500 0.013000 0.013000
0 0.499500 0.459500 0.013000 0.013000
0 0.468500 0.414500 0.013000 0.013000
0 0.434500 0.424500 0.013000 0.013000
0 0.504500 0.440500 0.011000 0.011000
0 0.493000 0.429500 0.012000 0.011000
0 0.561000 0.353000 0.012000 0.012000
0 0.523000 0.360000 0.012000 0.012000
0 0.516000 0.316000 0.012000 0.012000
0 0.500000 0.338000 0.012000 0.012000
0 0.465000 0.278000 0.012000 0.012000
0 0.421500 0.296500 0.013000 0.013000
0 0.384500 0.397500 0.013000 0.013000
0 0.300500 0.313500 0.013000 0.013000
0 0.268500 0.339500 0.013000 0.013000
0 0.193500 0.348500 0.013000 0.013000
0 0.225000 0.307000 0.012000 0.012000
0 0.207500 0.287500 0.013000 0.013000
0 0.256000 0.382000 0.010000 0.010000
0 0.232000 0.410000 0.012000 0.012000
0 0.214000 0.470000 0.014000 0.014000
0 0.293500 0.524500 0.013000 0.013000
0 0.207500 0.556000 0.013000 0.014000
0 0.183000 0.564000 0.014000 0.014000
0 0.138500 0.534500 0.013000 0.013000
0 0.135000 0.508000 0.014000 0.014000
0 0.188500 0.473500 0.013000 0.013000
0 0.182000 0.463000 0.012000 0.012000
0 0.721000 0.784000 0.014000 0.014000
0 0.684000 0.746500 0.014000 0.015000
0 0.674500 0.806500 0.015000 0.015000
0 0.621500 0.840000 0.015000 0.016000
0 0.618500 0.772500 0.015000 0.015000
0 0.588500 0.710500 0.015000 0.015000
0 0.528500 0.761500 0.015000 0.015000
0 0.525500 0.839500 0.015000 0.015000
0 0.552500 0.912500 0.015000 0.015000
0 0.557500 0.938500 0.015000 0.015000
0 0.612500 0.886500 0.015000 0.015000
0 0.588500 0.887500 0.015000 0.015000
0 0.440500 0.898500 0.013000 0.013000
0 0.475000 0.844000 0.014000 0.014000
0 0.465500 0.848500 0.013000 0.013000
0 0.463000 0.856000 0.012000 0.012000
0 0.384500 0.810000 0.015000 0.014000
0 0.368500 0.815000 0.015000 0.014000
0 0.346500 0.846500 0.013000 0.013000
0 0.329000 0.816000 0.014000 0.014000
0 0.312000 0.826000 0.012000 0.012000
0 0.274500 0.781000 0.013000 0.014000
0 0.363000 0.756000 0.014000 0.014000
0 0.419000 0.725000 0.014000 0.014000
0 0.395000 0.712000 0.014000 0.014000
0 0.378000 0.711500 0.014000 0.013000
0 0.345000 0.697500 0.014000 0.013000
0 0.251500 0.694500 0.015000 0.015000
0 0.239500 0.620500 0.015000 0.015000
0 0.764500 0.381500 0.013000 0.013000
0 0.797500 0.244500 0.013000 0.013000
0 0.788500 0.206500 0.013000 0.013000
0 0.817500 0.200500 0.013000 0.013000
0 0.832500 0.196500 0.013000 0.013000
0 0.839500 0.196500 0.013000 0.013000
0 0.649500 0.284500 0.007000 0.007000
0 0.489000 0.184000 0.012000 0.012000
0 0.155000 0.232000 0.012000 0.012000
0 0.129500 0.246500 0.013000 0.013000
0 0.110500 0.298500 0.013000 0.013000
