0 0.917000 0.572500 0.040000 0.041000
0 0.909000 0.622500 0.040000 0.043000
0 0.873500 0.681500 0.043000 0.043000
0 0.908000 0.709500 0.036000 0.039000
0 0.817500 0.781000 0.045000 0.044000
0 0.780000 0.823500 0.040000 0.041000
0 0.716500 0.803500 0.045000 0.045000
0 0.732000 0.862000 0.040000 0.040000
0 0.671000 0.850000 0.042000 0.044000
0 0.628000 0.924000 0.042000 0.040000
0 0.551000 0.917500 0.044000 0.043000
0 0.442000 0.869000 0.038000 0.038000
0 0.459000 0.886000 0.042000 0.042000
0 0.466000 0.761000 0.046000 0.046000
0 0.380000 0.859500 0.042000 0.043000
0 0.315500 0.894000 0.039000 0.038000
0 0.247000 0.693500 0.034000 0.035000
0 0.231500 0.722500 0.033000 0.033000
0 0.232500 0.798500 0.035000 0.035000
0 0.190000 0.822500 0.032000 0.033000
0 0.114500 0.723500 0.029000 0.031000
0 0.183500 0.767000 0.031000 0.028000
0 0.181000 0.750000 0.030000 0.028000
0 0.172500 0.731500 0.029000 0.027000
0 0.134000 0.683000 0.028000 0.030000
0 0.174000 0.685500 0.028000 0.027000
0 0.173500 0.694500 0.025000 0.023000
0 0.193000 0.699500 0.026000 0.029000
0 0.177000 0.620000 0.028000 0.028000
0 0.149000 0.623500 0.028000 0.029000
0 0.141000 0.547500 0.028000 0.029000
0 0.210000 0.519000 0.028000 0.028000
0 0.106500 0.540000 0.025000 0.022000
0 0.109000 0.564500 0.028000 0.027000
0 0.145000 0.470500 0.026000 0.027000
0 0.100500 0.383500 0.027000 0.029000
0 0.128000 0.457000 0.026000 0.026000
0 0.125500 0.470000 0.025000 0.026000
0 0.177500 0.360000 0.029000 0.028000
0 0.113500 0.314000 0.029000 0.030000
0 0.183500 0.302500 0.031000 0.033000
0 0.128000 0.347000 0.026000 0.028000
0 0.133500 0.353000 0.027000 0.028000
0 0.144000 0.400500 0.026000 0.027000
0 0.150500 0.406000 0.027000 0.028000
0 0.160000 0.411000 0.026000 0.028000
0 0.166000 0.416000 0.026000 0.028000
0 0.123000 0.511000 0.026000 0.028000
0 0.104500 0.502000 0.025000 0.026000
0 0.095500 0.512000 0.023000 0.022000
0 0.049000 0.524000 0.022000 0.026000
0 0.085000 0.528000 0.024000 0.024000
0 0.069500 0.536000 0.023000 0.024000
0 0.067500 0.527000 0.025000 0.026000
0 0.244500 0.393000 0.029000 0.028000
0 0.324000 0.432500 0.028000 0.029000
0 0.364000 0.405000 0.028000 0.028000
0 0.378500 0.473500 0.027000 0.029000
0 0.327500 0.471000 0.027000 0.028000
0 0.280000 0.485500 0.028000 0.027000
0 0.278500 0.500500 0.027000 0.027000
0 0.235500 0.522000 0.025000 0.024000
0 0.254000 0.540000 0.024000 0.024000
0 0.250000 0.556500 0.024000 0.023000
0 0.225000 0.588000 0.026000 0.026000
0 0.315000 0.646000 0.034000 0.034000
0 0.278500 0.614500 0.027000 0.027000
0 0.224000 0.624500 0.024000 0.027000
0 0.248000 0.621000 0.024000 0.026000
0 0.262500 0.641000 0.025000 0.028000
0 0.279500 0.648000 0.029000 0.030000
0 0.700500 0.414000 0.035000 0.036000
0 0.710000 0.398500 0.034000 0.035000
0 0.737000 0.450500 0.040000 0.041000
0 0.698500 0.466000 0.041000 0.042000
0 0.809000 0.466500 0.040000 0.041000
0 0.843000 0.437500 0.038000 0.039000
0 0.925000 0.430500 0.036000 0.037000
0 0.929500 0.459500 0.037000 0.037000
0 0.862500 0.348000 0.039000 0.040000
0 0.765000 0.336000 0.036000 0.036000
0 0.633000 0.312000 0.036000 0.034000
0 0.614500 0.253500 0.029000 0.031000
0 0.600500 0.269000 0.029000 0.028000
0 0.596500 0.287000 0.029000 0.028000
0 0.593000 0.309000 0.028000 0.030000
0 0.572500 0.335500 0.029000 0.031000
0 0.554000 0.329000 0.026000 0.028000
0 0.542000 0.330500 0.026000 0.029000
0 0.574500 0.491500 0.039000 0.041000
0 0.500000 0.470500 0.030000 0.031000
0 0.492500 0.489000 0.027000 0.026000
0 0.498000 0.495000 0.028000 0.028000
0 0.508500 0.512500 0.033000 0.033000
0 0.516500 0.574500 0.037000 0.037000
0 0.502000 0.591500 0.034000 0.037000
0 0.483000 0.601500 0.034000 0.033000
0 0.469500 0.577000 0.029000 0.028000
0 0.485500 0.651000 0.043000 0.042000
0 0.430500 0.653000 0.039000 0.034000
0 0.429000 0.627000 0.034000 0.034000
0 0.440000 0.606500 0.032000 0.031000
0 0.273500 0.569500 0.027000 0.027000
0 0.299000 0.569500 0.024000 0.027000
0 0.323500 0.566500 0.027000 0.029000
0 0.345000 0.561500 0.030000 0.029000
0 0.334000 0.554000 0.028000 0.028000
0 0.869000 0.281000 0.036000 0.036000
0 0.873500 0.289000 0.035000 0.036000
0 0.802000 0.221000 0.040000 0.040000
0 0.725000 0.236000 0.034000 0.036000
0 0.676500 0.255500 0.029000 0.029000
0 0.696500 0.244500 0.031000 0.031000
0 0.684500 0.231500 0.031000 0.031000
0 0.701500 0.203500 0.035000 0.031000
0 0.698500 0.210000 0.035000 0.034000
0 0.661000 0.111500 0.040000 0.041000
0 0.537000 0.191000 0.034000 0.034000
0 0.592000 0.115000 0.034000 0.034000
0 0.567500 0.107000 0.031000 0.030000
0 0.560500 0.099000 0.031000 0.032000
0 0.587000 0.105000 0.030000 0.030000
0 0.415500 0.105500 0.033000 0.035000
0 0.423500 0.105000 0.033000 0.034000
0 0.460500 0.148000 0.033000 0.032000
0 0.482500 0.111000 0.037000 0.036000
0 0.495500 0.204500 0.033000 0.033000
0 0.542000 0.262500 0.030000 0.031000
0 0.515000 0.278500 0.028000 0.029000
0 0.473000 0.288500 0.028000 0.029000
0 0.452000 0.304000 0.028000 0.028000
0 0.462500 0.302500 0.027000 0.027000
0 0.419000 0.405500 0.026000 0.027000
0 0.447000 0.410500 0.026000 0.027000
0 0.397000 0.423500 0.026000 0.027000
0 0.412500 0.434500 0.027000 0.025000
0 0.438500 0.365500 0.027000 0.027000
0 0.473500 0.387000 0.027000 0.026000
0 0.516000 0.417500 0.028000 0.031000
0 0.527000 0.422500 0.026000 0.029000
0 0.501000 0.395000 0.026000 0.026000
0 0.513000 0.389500 0.028000 0.027000
0 0.511000 0.378500 0.028000 0.027000
0 0.361000 0.161500 0.034000 0.035000
0 0.291000 0.140500 0.036000 0.037000
0 0.253000 0.195500 0.030000 0.033000
0 0.271500 0.193000 0.031000 0.032000
0 0.296000 0.271500 0.022000 0.023000
0 0.226000 0.222500 0.030000 0.031000
0 0.236000 0.256000 0.030000 0.030000
0 0.195000 0.230000 0.030000 0.032000
0 0.219000 0.283000 0.028000 0.030000
0 0.229500 0.295500 0.027000 0.027000
0 0.260500 0.355000 0.029000 0.032000
0 0.294500 0.307000 0.027000 0.028000
0 0.301500 0.303500 0.027000 0.029000
0 0.351000 0.325000 0.030000 0.030000
0 0.373000 0.311000 0.028000 0.028000
0 0.390000 0.276000 0.030000 0.030000
0 0.420500 0.278000 0.025000 0.026000
0 0.425500 0.287000 0.027000 0.028000
0 0.450500 0.527000 0.029000 0.028000
0 0.433000 0.496000 0.024000 0.026000
0 0.450000 0.503000 0.026000 0.026000
