0 0.830500 0.790500 0.021000 0.021000
0 0.784500 0.733500 0.021000 0.021000
0 0.729500 0.723500 0.019000 0.019000
0 0.727000 0.668000 0.022000 0.022000
0 0.677000 0.745000 0.018000 0.020000
0 0.693000 0.757000 0.020000 0.020000
0 0.621500 0.742500 0.021000 0.021000
0 0.642500 0.804500 0.021000 0.023000
0 0.599500 0.818500 0.023000 0.023000
0 0.607000 0.830000 0.020000 0.020000
0 0.583500 0.662500 0.021000 0.021000
0 0.599000 0.696000 0.020000 0.020000
0 0.604000 0.697500 0.022000 0.021000
0 0.558000 0.609500 0.020000 0.021000
0 0.529000 0.606000 0.022000 0.022000
0 0.977500 0.475500 0.021000 0.021000
0 0.888000 0.569500 0.014000 0.013000
0 0.888000 0.553000 0.022000 0.022000
0 0.820500 0.524500 0.023000 0.021000
0 0.903500 0.423500 0.021000 0.021000
0 0.831000 0.319000 0.020000 0.020000
0 0.856000 0.277500 0.020000 0.021000
0 0.794000 0.320000 0.020000 0.020000
0 0.830000 0.252000 0.020000 0.020000
0 0.761000 0.247000 0.018000 0.018000
0 0.684500 0.284500 0.021000 0.021000
0 0.675500 0.356500 0.019000 0.019000
0 0.735000 0.389500 0.020000 0.019000
0 0.725000 0.400000 0.022000 0.020000
0 0.654500 0.466500 0.021000 0.021000
0 0.684500 0.464500 0.013000 0.013000
0 0.681000 0.459500 0.020000 0.021000
0 0.515000 0.480000 0.020000 0.020000
0 0.534500 0.552000 0.021000 0.022000
0 0.491500 0.590500 0.023000 0.023000
0 0.390000 0.650000 0.020000 0.020000
0 0.327000 0.520000 0.018000 0.018000
0 0.315000 0.490500 0.020000 0.019000
0 0.297000 0.678500 0.022000 0.023000
0 0.331000 0.764000 0.022000 0.022000
0 0.406000 0.774500 0.022000 0.023000
0 0.427000 0.778500 0.022000 0.023000
0 0.435000 0.833000 0.022000 0.022000
0 0.502500 0.876500 0.023000 0.023000
0 0.540500 0.841500 0.019000 0.019000
0 0.465500 0.784500 0.021000 0.023000
0 0.495000 0.742500 0.022000 0.021000
0 0.463500 0.723500 0.023000 0.023000
0 0.302000 0.913000 0.022000 0.022000
0 0.237000 0.816000 0.022000 0.022000
0 0.214500 0.775000 0.019000 0.020000
0 0.197500 0.750000 0.021000 0.022000
0 0.186000 0.685000 0.022000 0.022000
0 0.182000 0.744500 0.020000 0.021000
0 0.157000 0.736500 0.018000 0.019000
0 0.135500 0.731000 0.021000 0.022000
0 0.291500 0.337000 0.021000 0.022000
0 0.211000 0.307000 0.022000 0.022000
0 0.226500 0.370500 0.021000 0.021000
0 0.245500 0.402500 0.021000 0.021000
0 0.169000 0.359000 0.022000 0.022000
0 0.124500 0.265000 0.019000 0.018000
0 0.133500 0.284500 0.021000 0.021000
0 0.076000 0.289000 0.018000 0.018000
0 0.082500 0.356500 0.021000 0.021000
0 0.069000 0.337500 0.018000 0.017000
0 0.059500 0.348000 0.021000 0.020000
0 0.035500 0.357500 0.019000 0.019000
0 0.026500 0.439500 0.017000 0.017000
0 0.080000 0.452500 0.022000 0.023000
0 0.130000 0.512000 0.022000 0.022000
0 0.071000 0.589000 0.022000 0.022000
0 0.820500 0.194000 0.021000 0.022000
0 0.811500 0.155500 0.019000 0.019000
0 0.775000 0.125500 0.018000 0.019000
0 0.762000 0.102000 0.016000 0.016000
0 0.744000 0.158500 0.020000 0.021000
0 0.573000 0.076000 0.018000 0.018000
0 0.377500 0.083000 0.019000 0.020000
0 0.415500 0.119500 0.021000 0.021000
0 0.471500 0.127500 0.021000 0.021000
0 0.462500 0.179500 0.021000 0.021000
0 0.434000 0.201500 0.018000 0.019000
0 0.440000 0.369000 0.020000 0.020000
0 0.398000 0.345500 0.020000 0.019000
0 0.374000 0.346000 0.020000 0.020000
0 0.379500 0.335000 0.019000 0.020000
0 0.357000 0.317500 0.020000 0.021000
0 0.347000 0.287000 0.016000 0.016000
0 0.345000 0.247500 0.022000 0.021000
0 0.321500 0.243000 0.021000 0.022000
0 0.266500 0.239500 0.021000 0.021000
0 0.259500 0.174500 0.021000 0.021000
0 0.303500 0.163000 0.021000 0.020000
0 0.186500 0.197500 0.015000 0.015000
0 0.304500 0.106500 0.021000 0.021000
0 0.256500 0.122500 0.021000 0.021000
0 0.553500 0.262000 0.021000 0.022000
0 0.224500 0.502500 0.021000 0.021000
