0 0.593500 0.514000 0.011000 0.010000
0 0.613500 0.559500 0.011000 0.011000
0 0.594000 0.614000 0.012000 0.012000
0 0.741500 0.590500 0.011000 0.011000
0 0.688500 0.675000 0.011000 0.010000
0 0.719000 0.695000 0.012000 0.012000
0 0.750000 0.727000 0.010000 0.012000
0 0.841000 0.765000 0.012000 0.012000
0 0.745000 0.783000 0.012000 0.012000
0 0.679000 0.769000 0.010000 0.012000
0 0.701500 0.782000 0.011000 0.012000
0 0.715000 0.796000 0.010000 0.010000
0 0.706500 0.807500 0.011000 0.011000
0 0.663000 0.834000 0.010000 0.010000
0 0.662000 0.872500 0.010000 0.011000
0 0.642000 0.849500 0.008000 0.009000
0 0.638000 0.829500 0.012000 0.011000
0 0.585500 0.846500 0.011000 0.011000
0 0.594500 0.779000 0.011000 0.010000
0 0.563500 0.819500 0.011000 0.011000
0 0.561000 0.887000 0.012000 0.010000
0 0.540000 0.943500 0.010000 0.011000
0 0.410000 0.805000 0.012000 0.012000
0 0.403500 0.805500 0.011000 0.011000
0 0.381000 0.821000 0.010000 0.010000
0 0.350000 0.812000 0.010000 0.010000
0 0.304500 0.822500 0.011000 0.011000
0 0.260500 0.815500 0.011000 0.011000
0 0.241500 0.807500 0.011000 0.011000
0 0.232500 0.799000 0.011000 0.010000
0 0.287000 0.754000 0.008000 0.008000
0 0.360000 0.718000 0.012000 0.012000
0 0.296000 0.727000 0.012000 0.012000
0 0.244000 0.738000 0.012000 0.012000
0 0.240000 0.755000 0.012000 0.010000
0 0.137500 0.715000 0.011000 0.012000
0 0.175500 0.415500 0.013000 0.013000
0 0.262500 0.433500 0.011000 0.011000
0 0.158000 0.481000 0.012000 0.012000
0 0.148000 0.512000 0.012000 0.012000
0 0.247000 0.520000 0.012000 0.012000
0 0.299000 0.515000 0.012000 0.012000
0 0.162500 0.757000 0.011000 0.010000
0 0.475500 0.693500 0.011000 0.011000
0 0.394500 0.675000 0.011000 0.012000
0 0.387500 0.667000 0.011000 0.012000
0 0.935000 0.619500 0.012000 0.013000
0 0.846000 0.649000 0.012000 0.012000
0 0.867500 0.532000 0.011000 0.010000
0 0.832500 0.463500 0.013000 0.013000
0 0.912000 0.396500 0.012000 0.013000
0 0.902000 0.333000 0.012000 0.012000
0 0.909000 0.306000 0.010000 0.012000
0 0.919000 0.310000 0.012000 0.012000
0 0.804500 0.319000 0.013000 0.012000
0 0.682500 0.340000 0.011000 0.012000
0 0.758000 0.476500 0.010000 0.011000
0 0.738000 0.487000 0.012000 0.012000
0 0.424500 0.507000 0.013000 0.012000
0 0.352500 0.483500 0.013000 0.013000
0 0.373500 0.398500 0.013000 0.013000
0 0.406000 0.395000 0.012000 0.012000
0 0.425000 0.336000 0.012000 0.012000
0 0.404500 0.288500 0.013000 0.013000
0 0.303000 0.296000 0.012000 0.012000
0 0.400500 0.234500 0.011000 0.013000
0 0.310500 0.228000 0.011000 0.012000
0 0.319500 0.183500 0.011000 0.011000
0 0.305000 0.207000 0.010000 0.012000
0 0.280000 0.222000 0.012000 0.012000
0 0.356500 0.258000 0.011000 0.012000
0 0.358500 0.276500 0.009000 0.009000
0 0.348500 0.256500 0.011000 0.011000
0 0.882000 0.250500 0.010000 0.011000
0 0.826000 0.193000 0.012000 0.012000
0 0.631500 0.274000 0.011000 0.012000
0 0.571000 0.301000 0.012000 0.012000
0 0.544500 0.276500 0.011000 0.011000
0 0.460000 0.207000 0.010000 0.010000
0 0.471000 0.274000 0.012000 0.012000
0 0.518500 0.336000 0.011000 0.012000
0 0.527000 0.331500 0.012000 0.013000
0 0.096500 0.502500 0.013000 0.013000
0 0.071000 0.520500 0.012000 0.013000
0 0.172500 0.299000 0.009000 0.010000
0 0.155000 0.297500 0.010000 0.011000
0 0.170000 0.223000 0.012000 0.012000
0 0.296500 0.133500 0.011000 0.011000
0 0.431500 0.055500 0.011000 0.011000
