0 0.935000 0.580000 0.014000 0.014000
0 0.878500 0.558500 0.015000 0.015000
0 0.879000 0.621000 0.012000 0.012000
0 0.832500 0.642500 0.013000 0.013000
0 0.808000 0.668000 0.014000 0.014000
0 0.701000 0.667000 0.014000 0.014000
0 0.749500 0.691000 0.013000 0.012000
0 0.758500 0.692000 0.013000 0.014000
0 0.799500 0.768500 0.013000 0.013000
0 0.739000 0.734500 0.014000 0.013000
0 0.787500 0.802500 0.013000 0.013000
0 0.917000 0.465500 0.014000 0.015000
0 0.842000 0.466000 0.014000 0.014000
0 0.904500 0.496000 0.013000 0.012000
0 0.900500 0.507500 0.013000 0.013000
0 0.906000 0.518000 0.014000 0.014000
0 0.894500 0.517000 0.013000 0.014000
0 0.638500 0.838500 0.013000 0.013000
0 0.585500 0.824500 0.013000 0.013000
0 0.559500 0.823500 0.013000 0.013000
0 0.634000 0.729000 0.014000 0.014000
0 0.601000 0.689500 0.014000 0.013000
0 0.569500 0.689500 0.013000 0.013000
0 0.547500 0.652500 0.013000 0.013000
0 0.637000 0.607000 0.014000 0.014000
0 0.533500 0.621500 0.013000 0.013000
0 0.498500 0.632500 0.013000 0.013000
0 0.499000 0.699000 0.012000 0.012000
0 0.490500 0.746500 0.013000 0.013000
0 0.488500 0.811500 0.013000 0.013000
0 0.441000 0.810000 0.014000 0.014000
0 0.452500 0.712500 0.013000 0.013000
0 0.418500 0.732000 0.013000 0.014000
0 0.428000 0.694500 0.014000 0.013000
0 0.430000 0.678000 0.012000 0.012000
0 0.433000 0.670000 0.012000 0.012000
0 0.369000 0.673000 0.012000 0.012000
0 0.354500 0.707500 0.013000 0.013000
0 0.264500 0.810500 0.013000 0.013000
0 0.326000 0.810500 0.012000 0.013000
0 0.322500 0.761500 0.013000 0.013000
0 0.303500 0.734500 0.013000 0.013000
0 0.268500 0.736500 0.013000 0.013000
0 0.244500 0.736500 0.013000 0.013000
0 0.219000 0.732000 0.012000 0.012000
0 0.225500 0.707500 0.013000 0.013000
0 0.239500 0.690500 0.013000 0.013000
0 0.191000 0.700500 0.014000 0.013000
0 0.197000 0.715500 0.014000 0.013000
0 0.192500 0.758500 0.013000 0.013000
0 0.182500 0.775500 0.013000 0.013000
0 0.095500 0.634500 0.013000 0.013000
0 0.094500 0.643500 0.013000 0.013000
0 0.114000 0.646000 0.012000 0.012000
0 0.123000 0.665000 0.014000 0.014000
0 0.103500 0.664500 0.013000 0.013000
0 0.124000 0.685500 0.012000 0.013000
0 0.103000 0.575000 0.012000 0.014000
0 0.125500 0.550500 0.013000 0.013000
0 0.113000 0.487000 0.012000 0.012000
0 0.164500 0.473500 0.013000 0.013000
0 0.210000 0.445500 0.014000 0.013000
0 0.234000 0.410000 0.014000 0.014000
0 0.239500 0.519000 0.015000 0.014000
0 0.262000 0.529000 0.014000 0.014000
0 0.280500 0.603500 0.013000 0.013000
0 0.226500 0.589500 0.013000 0.013000
0 0.304000 0.562000 0.012000 0.012000
0 0.310000 0.557500 0.012000 0.013000
0 0.373000 0.543000 0.014000 0.014000
0 0.387500 0.575000 0.011000 0.012000
0 0.411500 0.603500 0.013000 0.013000
0 0.365000 0.596000 0.012000 0.012000
0 0.368500 0.635500 0.013000 0.013000
0 0.342500 0.635500 0.013000 0.013000
0 0.356500 0.624500 0.013000 0.013000
0 0.356000 0.631000 0.012000 0.012000
0 0.436000 0.603000 0.012000 0.012000
0 0.531000 0.584000 0.014000 0.014000
0 0.515500 0.549000 0.013000 0.014000
0 0.490500 0.545000 0.011000 0.012000
0 0.500000 0.567000 0.012000 0.012000
0 0.279000 0.626000 0.014000 0.014000
0 0.290000 0.637000 0.014000 0.014000
0 0.573500 0.556000 0.013000 0.014000
0 0.628500 0.518500 0.013000 0.013000
0 0.639500 0.513500 0.013000 0.013000
0 0.557000 0.377000 0.014000 0.014000
0 0.441500 0.458500 0.013000 0.013000
0 0.425500 0.485500 0.013000 0.013000
0 0.354000 0.469000 0.014000 0.014000
0 0.366500 0.449500 0.013000 0.013000
0 0.373000 0.399000 0.014000 0.014000
0 0.335500 0.337500 0.013000 0.013000
0 0.471500 0.322500 0.013000 0.013000
0 0.487500 0.299500 0.013000 0.013000
0 0.468500 0.273500 0.013000 0.013000
0 0.540000 0.275000 0.014000 0.014000
0 0.537500 0.299500 0.013000 0.013000
0 0.523500 0.303500 0.013000 0.013000
0 0.457000 0.342000 0.012000 0.012000
0 0.434000 0.340000 0.012000 0.012000
0 0.437500 0.345500 0.013000 0.013000
0 0.466500 0.143500 0.015000 0.015000
0 0.411500 0.225500 0.015000 0.015000
0 0.608500 0.130500 0.015000 0.015000
0 0.618000 0.208000 0.014000 0.014000
0 0.647500 0.259000 0.013000 0.014000
0 0.728000 0.246000 0.014000 0.014000
0 0.689000 0.299000 0.012000 0.012000
0 0.620000 0.280000 0.014000 0.014000
0 0.805500 0.214000 0.011000 0.012000
0 0.850000 0.299500 0.014000 0.015000
0 0.801000 0.380000 0.014000 0.014000
0 0.725000 0.466500 0.014000 0.015000
0 0.758000 0.151000 0.014000 0.014000
0 0.672500 0.104500 0.015000 0.015000
0 0.881000 0.252500 0.014000 0.015000
0 0.954500 0.473500 0.015000 0.015000
0 0.808500 0.168500 0.013000 0.013000
0 0.185500 0.274000 0.013000 0.014000
0 0.239500 0.281500 0.015000 0.015000
