0 0.884000 0.344000 0.030000 0.034000
0 0.758000 0.430500 0.024000 0.025000
0 0.774000 0.473500 0.030000 0.031000
0 0.730500 0.442500 0.027000 0.029000
0 0.658000 0.402500 0.026000 0.027000
0 0.662000 0.360000 0.026000 0.026000
0 0.692500 0.364500 0.029000 0.029000
0 0.722000 0.366500 0.026000 0.027000
0 0.734500 0.352500 0.035000 0.037000
0 0.732000 0.234500 0.028000 0.029000
0 0.695500 0.216500 0.029000 0.029000
0 0.714500 0.270000 0.027000 0.026000
0 0.689500 0.290000 0.027000 0.028000
0 0.742000 0.301500 0.024000 0.025000
0 0.719000 0.291500 0.022000 0.021000
0 0.729000 0.311500 0.022000 0.023000
0 0.717500 0.306500 0.023000 0.023000
0 0.634000 0.255500 0.028000 0.029000
0 0.616500 0.346500 0.025000 0.027000
0 0.593000 0.358500 0.028000 0.029000
0 0.544000 0.352500 0.024000 0.027000
0 0.528000 0.331500 0.028000 0.027000
0 0.513000 0.313500 0.026000 0.027000
0 0.561000 0.247500 0.026000 0.025000
0 0.564500 0.219000 0.027000 0.026000
0 0.507000 0.210000 0.024000 0.026000
0 0.517000 0.248000 0.024000 0.024000
0 0.480500 0.261000 0.025000 0.026000
0 0.612000 0.199500 0.028000 0.027000
0 0.610500 0.227500 0.027000 0.027000
0 0.579000 0.300000 0.020000 0.020000
0 0.605000 0.292000 0.022000 0.022000
0 0.596500 0.288500 0.025000 0.027000
0 0.581000 0.289000 0.022000 0.024000
0 0.467500 0.299000 0.025000 0.026000
0 0.450000 0.292000 0.024000 0.026000
0 0.433500 0.305000 0.025000 0.026000
0 0.452000 0.333500 0.028000 0.029000
0 0.423000 0.350500 0.026000 0.027000
0 0.452500 0.396500 0.031000 0.029000
0 0.391000 0.358000 0.028000 0.028000
0 0.383000 0.377000 0.022000 0.022000
0 0.382500 0.301500 0.015000 0.015000
0 0.320000 0.459000 0.030000 0.030000
0 0.291000 0.441000 0.030000 0.030000
0 0.324500 0.415500 0.029000 0.029000
0 0.324000 0.396500 0.030000 0.029000
0 0.238000 0.496000 0.028000 0.028000
0 0.227000 0.445000 0.014000 0.014000
0 0.239500 0.439500 0.029000 0.029000
0 0.254500 0.398000 0.027000 0.028000
0 0.255500 0.368000 0.027000 0.028000
0 0.268500 0.336500 0.027000 0.027000
0 0.348000 0.327500 0.026000 0.025000
0 0.340500 0.305000 0.017000 0.018000
0 0.323000 0.303500 0.028000 0.029000
0 0.302000 0.307500 0.026000 0.027000
0 0.296500 0.329000 0.025000 0.026000
0 0.315500 0.341500 0.017000 0.017000
0 0.328500 0.346000 0.021000 0.022000
0 0.326500 0.333000 0.021000 0.022000
0 0.273000 0.619500 0.030000 0.031000
0 0.174000 0.578500 0.030000 0.031000
0 0.201500 0.546500 0.027000 0.029000
0 0.221500 0.552000 0.027000 0.028000
0 0.232000 0.542000 0.028000 0.028000
0 0.210500 0.629000 0.027000 0.028000
0 0.190500 0.639000 0.031000 0.032000
0 0.234000 0.689500 0.026000 0.027000
0 0.265000 0.666000 0.028000 0.026000
0 0.262000 0.678000 0.026000 0.026000
0 0.224000 0.746000 0.028000 0.028000
0 0.267500 0.773000 0.031000 0.032000
0 0.212500 0.787000 0.015000 0.014000
0 0.198000 0.770000 0.038000 0.038000
0 0.197500 0.830000 0.033000 0.036000
0 0.336500 0.765000 0.031000 0.028000
0 0.429500 0.796000 0.027000 0.026000
0 0.397500 0.718500 0.029000 0.029000
0 0.351500 0.713500 0.027000 0.027000
0 0.336000 0.685000 0.028000 0.030000
0 0.479000 0.824500 0.032000 0.033000
0 0.409000 0.888000 0.022000 0.022000
0 0.424500 0.896000 0.031000 0.032000
0 0.500000 0.880000 0.030000 0.030000
0 0.527000 0.874000 0.026000 0.030000
0 0.563500 0.835500 0.023000 0.023000
0 0.591500 0.832500 0.027000 0.027000
0 0.576000 0.849500 0.028000 0.029000
0 0.601000 0.874500 0.028000 0.029000
0 0.614500 0.884000 0.025000 0.024000
0 0.636000 0.892000 0.024000 0.026000
0 0.675500 0.889000 0.029000 0.030000
0 0.602500 0.906000 0.027000 0.026000
0 0.638000 0.866000 0.020000 0.020000
0 0.639000 0.836000 0.022000 0.022000
0 0.635000 0.810500 0.026000 0.027000
0 0.609500 0.795000 0.029000 0.030000
0 0.687500 0.801500 0.019000 0.019000
0 0.708500 0.792000 0.029000 0.030000
0 0.742500 0.870500 0.031000 0.033000
0 0.770000 0.750000 0.030000 0.032000
0 0.824000 0.762000 0.024000 0.024000
0 0.804500 0.707000 0.029000 0.030000
0 0.816500 0.668000 0.019000 0.018000
0 0.780000 0.673000 0.026000 0.028000
0 0.755000 0.639000 0.024000 0.024000
0 0.827000 0.649000 0.026000 0.026000
0 0.854500 0.632000 0.027000 0.028000
0 0.864500 0.670000 0.027000 0.028000
0 0.886000 0.753000 0.030000 0.030000
0 0.702500 0.675500 0.027000 0.027000
0 0.694500 0.691500 0.037000 0.035000
0 0.703500 0.722500 0.027000 0.027000
0 0.646000 0.717500 0.026000 0.027000
0 0.646000 0.769000 0.016000 0.016000
0 0.635000 0.749500 0.032000 0.035000
0 0.581000 0.701000 0.024000 0.024000
0 0.584500 0.672500 0.029000 0.027000
0 0.533000 0.682000 0.024000 0.026000
0 0.523000 0.636000 0.026000 0.026000
0 0.514000 0.662000 0.022000 0.024000
0 0.497500 0.659000 0.025000 0.024000
0 0.396500 0.610500 0.029000 0.029000
0 0.408500 0.534500 0.029000 0.031000
0 0.728000 0.643500 0.020000 0.021000
0 0.714000 0.632000 0.032000 0.032000
0 0.940000 0.618000 0.036000 0.038000
0 0.955500 0.567000 0.035000 0.034000
0 0.884000 0.574500 0.028000 0.029000
0 0.836000 0.253000 0.032000 0.036000
0 0.711500 0.177500 0.029000 0.027000
0 0.546000 0.098000 0.026000 0.028000
0 0.572500 0.155000 0.027000 0.028000
0 0.539000 0.130500 0.024000 0.023000
0 0.522500 0.093500 0.029000 0.031000
0 0.560000 0.187500 0.026000 0.027000
0 0.561500 0.178000 0.027000 0.026000
0 0.439500 0.079500 0.031000 0.033000
0 0.426500 0.124000 0.029000 0.028000
0 0.449500 0.157500 0.027000 0.025000
0 0.469500 0.183500 0.023000 0.023000
0 0.386500 0.131500 0.031000 0.033000
0 0.412500 0.186000 0.025000 0.026000
0 0.316000 0.171000 0.028000 0.030000
0 0.342500 0.205000 0.025000 0.026000
0 0.389500 0.232000 0.025000 0.026000
0 0.377000 0.247000 0.024000 0.026000
0 0.453500 0.205000 0.023000 0.022000
0 0.434500 0.182000 0.023000 0.024000
0 0.448000 0.191000 0.022000 0.022000
0 0.448000 0.231000 0.024000 0.024000
0 0.452000 0.242500 0.024000 0.025000
0 0.275000 0.200500 0.026000 0.027000
0 0.266500 0.218000 0.025000 0.026000
0 0.224500 0.219000 0.027000 0.028000
0 0.235500 0.200000 0.019000 0.020000
0 0.247000 0.206500 0.026000 0.027000
0 0.214000 0.304500 0.020000 0.021000
0 0.167000 0.283000 0.036000 0.038000
0 0.152000 0.368500 0.026000 0.027000
0 0.092000 0.342500 0.022000 0.021000
0 0.101500 0.375000 0.029000 0.030000
0 0.136500 0.429500 0.029000 0.031000
0 0.080500 0.420500 0.035000 0.035000
0 0.124000 0.470000 0.028000 0.030000
0 0.139500 0.482500 0.029000 0.031000
0 0.113000 0.576500 0.032000 0.031000
0 0.127000 0.604500 0.028000 0.029000
0 0.087500 0.617500 0.033000 0.033000
0 0.140000 0.668000 0.022000 0.022000
