0 0.870000 0.680000 0.048000 0.052000
0 0.859000 0.777000 0.040000 0.042000
0 0.728500 0.806000 0.043000 0.044000
0 0.682500 0.736000 0.043000 0.044000
0 0.508500 0.785000 0.039000 0.040000
0 0.559500 0.840500 0.039000 0.039000
0 0.604500 0.896000 0.035000 0.036000
0 0.584500 0.911000 0.033000 0.030000
0 0.587500 0.923500 0.033000 0.031000
0 0.556000 0.937500 0.030000 0.031000
0 0.505500 0.946500 0.031000 0.029000
0 0.488000 0.916000 0.032000 0.032000
0 0.466000 0.798000 0.038000 0.038000
0 0.464000 0.867500 0.032000 0.035000
0 0.447500 0.863000 0.035000 0.036000
0 0.359500 0.880000 0.031000 0.032000
0 0.379500 0.915500 0.027000 0.027000
0 0.379500 0.930000 0.025000 0.026000
0 0.367500 0.924500 0.025000 0.027000
0 0.336000 0.891000 0.028000 0.028000
0 0.338000 0.908500 0.028000 0.027000
0 0.349500 0.924500 0.025000 0.027000
0 0.324500 0.932000 0.027000 0.028000
0 0.414000 0.955500 0.026000 0.025000
0 0.428500 0.961000 0.027000 0.026000
0 0.282500 0.851000 0.035000 0.036000
0 0.249000 0.826000 0.036000 0.036000
0 0.320000 0.689500 0.040000 0.039000
0 0.258500 0.725500 0.037000 0.037000
0 0.188500 0.757500 0.033000 0.031000
0 0.187000 0.778000 0.024000 0.024000
0 0.146500 0.702500 0.027000 0.029000
0 0.139500 0.722500 0.029000 0.029000
0 0.202000 0.584500 0.032000 0.033000
0 0.175000 0.586500 0.030000 0.031000
0 0.187000 0.613500 0.032000 0.031000
0 0.132500 0.656500 0.029000 0.029000
0 0.086500 0.667000 0.023000 0.024000
0 0.163500 0.524000 0.033000 0.034000
0 0.132000 0.527000 0.032000 0.034000
0 0.039500 0.522500 0.029000 0.033000
0 0.046500 0.564000 0.027000 0.028000
0 0.072500 0.589500 0.025000 0.027000
0 0.095000 0.593500 0.022000 0.025000
0 0.112000 0.582000 0.026000 0.026000
0 0.099500 0.623500 0.021000 0.023000
0 0.120000 0.634000 0.024000 0.024000
0 0.116500 0.612000 0.025000 0.026000
0 0.070500 0.622500 0.023000 0.023000
0 0.081000 0.641000 0.022000 0.022000
0 0.049500 0.632500 0.021000 0.023000
0 0.061500 0.642500 0.019000 0.021000
0 0.302000 0.508500 0.016000 0.017000
0 0.355500 0.508000 0.037000 0.038000
0 0.407500 0.437500 0.017000 0.017000
0 0.424000 0.454000 0.034000 0.034000
0 0.258000 0.542500 0.038000 0.039000
0 0.159500 0.548000 0.017000 0.016000
0 0.226000 0.483000 0.036000 0.034000
0 0.230000 0.493000 0.036000 0.036000
0 0.084500 0.480500 0.017000 0.017000
0 0.089500 0.530000 0.031000 0.032000
0 0.096500 0.549500 0.029000 0.029000
0 0.526000 0.634500 0.038000 0.037000
0 0.546500 0.664500 0.039000 0.039000
0 0.429500 0.666000 0.041000 0.042000
0 0.398500 0.706000 0.037000 0.038000
0 0.786000 0.441500 0.048000 0.049000
0 0.719500 0.450000 0.037000 0.038000
0 0.704500 0.482500 0.035000 0.035000
0 0.709000 0.527000 0.032000 0.034000
0 0.739000 0.535500 0.040000 0.041000
0 0.693000 0.594000 0.034000 0.036000
0 0.733000 0.618000 0.042000 0.040000
0 0.729500 0.581000 0.037000 0.036000
0 0.640000 0.605000 0.034000 0.034000
0 0.661500 0.555000 0.031000 0.032000
0 0.628500 0.507500 0.031000 0.031000
0 0.602000 0.523000 0.032000 0.032000
0 0.618500 0.566500 0.031000 0.031000
0 0.597000 0.579500 0.032000 0.033000
0 0.571000 0.384000 0.032000 0.032000
0 0.615500 0.408500 0.031000 0.031000
0 0.620000 0.404500 0.030000 0.031000
0 0.661000 0.398000 0.036000 0.036000
0 0.678000 0.422500 0.036000 0.035000
0 0.604000 0.455000 0.030000 0.030000
0 0.773500 0.302500 0.047000 0.049000
0 0.665000 0.280500 0.042000 0.043000
0 0.557000 0.297000 0.014000 0.014000
0 0.538000 0.224000 0.036000 0.036000
0 0.486000 0.302500 0.032000 0.033000
0 0.495500 0.223500 0.035000 0.035000
0 0.489000 0.168500 0.036000 0.035000
0 0.448500 0.173500 0.035000 0.035000
0 0.529500 0.378000 0.031000 0.030000
0 0.483000 0.404000 0.030000 0.030000
0 0.452000 0.394500 0.030000 0.031000
0 0.489000 0.332500 0.030000 0.031000
0 0.505500 0.335500 0.031000 0.031000
0 0.554500 0.343500 0.033000 0.037000
0 0.504000 0.465000 0.032000 0.032000
0 0.523000 0.523500 0.034000 0.035000
0 0.495500 0.499500 0.033000 0.033000
0 0.750500 0.157500 0.045000 0.045000
0 0.728500 0.183500 0.021000 0.021000
0 0.668500 0.176500 0.043000 0.045000
0 0.583500 0.105000 0.043000 0.044000
0 0.472500 0.074500 0.037000 0.035000
0 0.424000 0.079500 0.034000 0.033000
0 0.425000 0.048500 0.038000 0.031000
0 0.312000 0.086000 0.038000 0.036000
0 0.375000 0.172000 0.038000 0.038000
0 0.373000 0.236000 0.038000 0.038000
0 0.384000 0.301000 0.032000 0.032000
0 0.391000 0.310000 0.034000 0.034000
0 0.381500 0.397500 0.031000 0.033000
0 0.345500 0.357500 0.031000 0.033000
0 0.339000 0.411000 0.034000 0.034000
0 0.312000 0.352500 0.032000 0.033000
0 0.289000 0.372000 0.034000 0.034000
0 0.288500 0.410500 0.035000 0.035000
0 0.226000 0.347000 0.038000 0.040000
0 0.243000 0.353000 0.034000 0.038000
0 0.175500 0.197000 0.043000 0.042000
0 0.096000 0.287500 0.020000 0.019000
0 0.140500 0.337000 0.039000 0.042000
0 0.167000 0.341000 0.038000 0.042000
