0 0.930000 0.608500 0.016000 0.017000
0 0.935500 0.612000 0.013000 0.014000
0 0.923500 0.624000 0.015000 0.016000
0 0.910000 0.631500 0.016000 0.017000
0 0.888000 0.687500 0.014000 0.015000
0 0.868000 0.723500 0.014000 0.015000
0 0.831000 0.725000 0.016000 0.016000
0 0.852500 0.758500 0.015000 0.015000
0 0.876500 0.739500 0.013000 0.013000
0 0.829500 0.747000 0.017000 0.018000
0 0.835000 0.819000 0.014000 0.014000
0 0.808500 0.829500 0.015000 0.015000
0 0.800500 0.775500 0.015000 0.015000
0 0.758500 0.819500 0.019000 0.019000
0 0.791000 0.855000 0.014000 0.014000
0 0.780500 0.870000 0.013000 0.014000
0 0.761500 0.863500 0.015000 0.015000
0 0.765500 0.868500 0.013000 0.013000
0 0.704500 0.841500 0.015000 0.015000
0 0.743000 0.864500 0.014000 0.015000
0 0.736000 0.868000 0.016000 0.016000
0 0.717500 0.805500 0.017000 0.017000
0 0.716000 0.790000 0.016000 0.016000
0 0.765500 0.701500 0.017000 0.017000
0 0.778000 0.641000 0.016000 0.016000
0 0.879500 0.593500 0.017000 0.017000
0 0.832500 0.606000 0.015000 0.016000
0 0.834000 0.547000 0.018000 0.018000
0 0.732000 0.571000 0.018000 0.018000
0 0.643000 0.549000 0.018000 0.018000
0 0.641000 0.567000 0.016000 0.016000
0 0.712000 0.653500 0.016000 0.017000
0 0.685500 0.651500 0.017000 0.017000
0 0.700500 0.595500 0.017000 0.017000
0 0.698000 0.589000 0.018000 0.018000
0 0.693000 0.594000 0.016000 0.016000
0 0.662500 0.672000 0.017000 0.018000
0 0.661000 0.687500 0.018000 0.017000
0 0.501500 0.667000 0.019000 0.020000
0 0.544500 0.600500 0.019000 0.019000
0 0.548000 0.611000 0.016000 0.016000
0 0.421500 0.606000 0.017000 0.016000
0 0.501500 0.743500 0.021000 0.021000
0 0.431000 0.724000 0.018000 0.018000
0 0.400000 0.851000 0.020000 0.020000
0 0.346000 0.743000 0.020000 0.020000
0 0.282500 0.801000 0.019000 0.018000
0 0.274500 0.786500 0.017000 0.017000
0 0.262000 0.857000 0.018000 0.018000
0 0.380500 0.657500 0.019000 0.019000
0 0.355000 0.682500 0.018000 0.019000
0 0.336500 0.651000 0.017000 0.018000
0 0.326000 0.660500 0.016000 0.017000
0 0.428500 0.544000 0.019000 0.020000
0 0.407000 0.535000 0.018000 0.018000
0 0.435000 0.485000 0.016000 0.016000
0 0.428500 0.509500 0.017000 0.017000
0 0.410500 0.512000 0.017000 0.018000
0 0.329500 0.515500 0.019000 0.019000
0 0.356500 0.548500 0.019000 0.019000
0 0.364500 0.566000 0.017000 0.018000
0 0.309000 0.471500 0.020000 0.019000
0 0.245000 0.519500 0.016000 0.017000
0 0.259000 0.546000 0.018000 0.020000
0 0.236500 0.543500 0.015000 0.017000
0 0.246000 0.547500 0.016000 0.017000
0 0.206000 0.569500 0.018000 0.017000
0 0.164500 0.609500 0.017000 0.017000
0 0.070500 0.527500 0.015000 0.015000
0 0.096000 0.432000 0.020000 0.020000
0 0.193500 0.310000 0.021000 0.020000
0 0.223000 0.389000 0.020000 0.020000
0 0.285000 0.377000 0.020000 0.020000
0 0.273000 0.242500 0.018000 0.019000
0 0.366500 0.254000 0.019000 0.018000
0 0.359000 0.236000 0.018000 0.018000
0 0.475000 0.279000 0.020000 0.020000
0 0.451000 0.284500 0.018000 0.019000
0 0.487500 0.377500 0.019000 0.019000
0 0.468000 0.374500 0.018000 0.019000
0 0.476000 0.387000 0.018000 0.018000
0 0.497000 0.447500 0.018000 0.019000
0 0.394000 0.405500 0.020000 0.021000
0 0.595000 0.417000 0.018000 0.018000
0 0.588000 0.512000 0.018000 0.020000
0 0.763500 0.423500 0.017000 0.017000
0 0.750000 0.465500 0.018000 0.019000
0 0.723500 0.477500 0.015000 0.015000
0 0.734500 0.490500 0.015000 0.015000
0 0.732500 0.504500 0.015000 0.015000
0 0.700500 0.496500 0.015000 0.015000
0 0.679500 0.500500 0.015000 0.015000
0 0.669500 0.482500 0.017000 0.017000
0 0.665000 0.476000 0.016000 0.016000
0 0.831000 0.347500 0.016000 0.015000
0 0.729000 0.348000 0.018000 0.018000
0 0.902500 0.286000 0.017000 0.018000
0 0.909000 0.316000 0.016000 0.018000
0 0.891500 0.321500 0.015000 0.015000
0 0.862500 0.313000 0.017000 0.016000
0 0.864000 0.293000 0.018000 0.016000
0 0.786500 0.230000 0.017000 0.018000
0 0.741500 0.240500 0.019000 0.019000
0 0.718000 0.215000 0.018000 0.018000
0 0.690500 0.108500 0.017000 0.017000
0 0.636500 0.091500 0.017000 0.017000
0 0.612500 0.099500 0.017000 0.017000
0 0.628500 0.066500 0.017000 0.017000
0 0.613500 0.052500 0.017000 0.017000
0 0.590500 0.077500 0.017000 0.017000
0 0.564500 0.146500 0.017000 0.017000
0 0.563500 0.110500 0.017000 0.017000
0 0.545500 0.111500 0.017000 0.017000
0 0.400000 0.133000 0.018000 0.018000
0 0.664500 0.867000 0.019000 0.020000
0 0.480000 0.964500 0.020000 0.019000
0 0.540000 0.546000 0.018000 0.020000
