0 0.925000 0.623500 0.010000 0.011000
0 0.875000 0.607000 0.010000 0.010000
0 0.883000 0.639500 0.010000 0.011000
0 0.910500 0.650000 0.009000 0.010000
0 0.915000 0.653500 0.010000 0.011000
0 0.849500 0.533500 0.011000 0.011000
0 0.779500 0.545500 0.011000 0.011000
0 0.933500 0.466500 0.011000 0.011000
0 0.920500 0.375500 0.013000 0.013000
0 0.900500 0.359000 0.013000 0.012000
0 0.870500 0.348500 0.013000 0.013000
0 0.845000 0.336000 0.010000 0.010000
0 0.867000 0.412000 0.012000 0.012000
0 0.874000 0.422500 0.012000 0.013000
0 0.706000 0.296000 0.012000 0.012000
0 0.740000 0.332000 0.012000 0.012000
0 0.737000 0.369000 0.012000 0.012000
0 0.764000 0.397000 0.012000 0.012000
0 0.775000 0.355000 0.008000 0.008000
0 0.692500 0.328500 0.013000 0.013000
0 0.636500 0.295500 0.013000 0.013000
0 0.677000 0.320000 0.012000 0.012000
0 0.676000 0.350000 0.012000 0.012000
0 0.696000 0.405000 0.012000 0.012000
0 0.624500 0.382500 0.013000 0.013000
0 0.771500 0.468000 0.013000 0.012000
0 0.598500 0.419500 0.011000 0.011000
0 0.601000 0.443000 0.012000 0.012000
0 0.752500 0.501000 0.011000 0.012000
0 0.718000 0.473000 0.012000 0.012000
0 0.714500 0.468000 0.011000 0.012000
0 0.671500 0.512500 0.011000 0.011000
0 0.668500 0.533000 0.011000 0.012000
0 0.665500 0.477500 0.011000 0.011000
0 0.661500 0.489500 0.011000 0.011000
0 0.646500 0.470500 0.011000 0.011000
0 0.628500 0.502500 0.009000 0.009000
0 0.597500 0.520500 0.013000 0.013000
0 0.507000 0.494000 0.012000 0.012000
0 0.521000 0.562000 0.012000 0.012000
0 0.442500 0.501500 0.011000 0.011000
0 0.426000 0.512000 0.012000 0.012000
0 0.397000 0.539000 0.012000 0.012000
0 0.352000 0.471000 0.010000 0.010000
0 0.418500 0.622000 0.011000 0.012000
0 0.412500 0.649500 0.011000 0.011000
0 0.396500 0.622000 0.011000 0.012000
0 0.366000 0.624000 0.012000 0.012000
0 0.399000 0.722000 0.012000 0.012000
0 0.401500 0.749000 0.011000 0.012000
0 0.415500 0.785500 0.011000 0.011000
0 0.421500 0.807500 0.011000 0.011000
0 0.431000 0.854000 0.012000 0.012000
0 0.459500 0.862500 0.011000 0.011000
0 0.377000 0.892000 0.010000 0.010000
0 0.331500 0.891500 0.011000 0.011000
0 0.365000 0.922000 0.012000 0.012000
0 0.423500 0.934000 0.011000 0.010000
0 0.437500 0.937500 0.011000 0.011000
0 0.304000 0.727000 0.012000 0.012000
0 0.279000 0.741000 0.012000 0.012000
0 0.283500 0.771500 0.011000 0.011000
0 0.197000 0.652000 0.012000 0.012000
0 0.183500 0.640500 0.011000 0.011000
0 0.241500 0.587000 0.013000 0.012000
0 0.215500 0.527500 0.011000 0.011000
0 0.323500 0.429500 0.013000 0.013000
0 0.283000 0.463000 0.012000 0.012000
0 0.221000 0.403000 0.012000 0.012000
0 0.275000 0.329500 0.014000 0.013000
0 0.404500 0.311500 0.013000 0.013000
0 0.367500 0.311500 0.013000 0.013000
0 0.362000 0.329000 0.012000 0.012000
0 0.377500 0.374500 0.011000 0.011000
0 0.465500 0.320500 0.013000 0.013000
0 0.509000 0.388000 0.012000 0.012000
0 0.544000 0.322000 0.010000 0.010000
0 0.557000 0.319000 0.012000 0.012000
0 0.782000 0.690500 0.014000 0.013000
0 0.625500 0.772500 0.011000 0.011000
0 0.679500 0.781500 0.011000 0.011000
0 0.676500 0.787000 0.011000 0.012000
0 0.603500 0.858500 0.011000 0.011000
0 0.581000 0.910000 0.010000 0.010000
0 0.605500 0.902500 0.011000 0.011000
0 0.886000 0.264500 0.012000 0.013000
0 0.844000 0.245000 0.012000 0.012000
0 0.800000 0.258500 0.012000 0.013000
0 0.823500 0.216500 0.011000 0.011000
0 0.778000 0.184000 0.012000 0.012000
0 0.759000 0.178000 0.012000 0.012000
0 0.728000 0.155000 0.012000 0.012000
0 0.718000 0.145500 0.012000 0.011000
0 0.713000 0.190000 0.012000 0.012000
0 0.661500 0.088000 0.013000 0.012000
0 0.668500 0.142500 0.009000 0.009000
0 0.627000 0.151000 0.012000 0.012000
0 0.600000 0.123000 0.012000 0.012000
0 0.556500 0.148500 0.013000 0.013000
0 0.665000 0.252000 0.012000 0.012000
0 0.563500 0.244000 0.011000 0.012000
0 0.470500 0.104500 0.013000 0.013000
0 0.435500 0.101000 0.011000 0.012000
0 0.402000 0.099000 0.012000 0.012000
0 0.405500 0.093500 0.011000 0.011000
0 0.393000 0.197500 0.010000 0.011000
0 0.383500 0.195000 0.009000 0.010000
0 0.324000 0.152000 0.012000 0.012000
0 0.348000 0.193000 0.012000 0.012000
0 0.325500 0.192500 0.013000 0.013000
0 0.350000 0.252000 0.012000 0.012000
0 0.374500 0.246500 0.011000 0.011000
0 0.374000 0.258000 0.012000 0.012000
0 0.279500 0.213500 0.013000 0.013000
0 0.624000 0.064000 0.012000 0.012000
0 0.053000 0.578000 0.012000 0.012000
0 0.106000 0.571000 0.012000 0.012000
0 0.097000 0.634000 0.012000 0.012000
0 0.165500 0.347500 0.011000 0.011000
