0 0.916500 0.487000 0.015000 0.014000
0 0.879500 0.399500 0.013000 0.013000
0 0.850500 0.411500 0.015000 0.015000
0 0.861000 0.378000 0.012000 0.012000
0 0.880000 0.561500 0.014000 0.013000
0 0.727000 0.631000 0.014000 0.014000
0 0.679000 0.746500 0.014000 0.013000
0 0.686000 0.799000 0.014000 0.014000
0 0.668500 0.762500 0.013000 0.013000
0 0.662000 0.773000 0.012000 0.012000
0 0.652000 0.832500 0.012000 0.013000
0 0.659000 0.905500 0.014000 0.015000
0 0.603500 0.827500 0.013000 0.013000
0 0.549000 0.854000 0.012000 0.012000
0 0.573500 0.868000 0.011000 0.012000
0 0.578500 0.864500 0.013000 0.013000
0 0.539000 0.891000 0.014000 0.014000
0 0.519000 0.878000 0.014000 0.014000
0 0.522500 0.937500 0.013000 0.013000
0 0.501000 0.902000 0.014000 0.014000
0 0.487500 0.918500 0.015000 0.015000
0 0.437000 0.900000 0.012000 0.012000
0 0.426500 0.907000 0.013000 0.014000
0 0.407000 0.813000 0.014000 0.014000
0 0.521500 0.767500 0.013000 0.013000
0 0.373000 0.806000 0.014000 0.014000
0 0.351000 0.816000 0.014000 0.014000
0 0.327000 0.826000 0.014000 0.014000
0 0.267000 0.884000 0.014000 0.014000
0 0.179500 0.812500 0.013000 0.013000
0 0.285000 0.781000 0.014000 0.014000
0 0.279000 0.755500 0.012000 0.013000
0 0.199000 0.742000 0.012000 0.012000
0 0.216000 0.736500 0.012000 0.013000
0 0.220000 0.736000 0.014000 0.014000
0 0.275000 0.729000 0.014000 0.014000
0 0.305500 0.699500 0.013000 0.013000
0 0.295000 0.707500 0.014000 0.015000
0 0.244500 0.788500 0.013000 0.013000
0 0.258000 0.824000 0.012000 0.012000
0 0.245000 0.820000 0.012000 0.012000
0 0.233500 0.788500 0.011000 0.011000
0 0.232000 0.794000 0.012000 0.012000
0 0.229500 0.844500 0.013000 0.013000
0 0.228500 0.831000 0.013000 0.012000
0 0.335000 0.594500 0.014000 0.015000
0 0.252500 0.619000 0.015000 0.014000
0 0.213000 0.641000 0.016000 0.016000
0 0.196000 0.635000 0.016000 0.016000
0 0.105000 0.634500 0.014000 0.015000
0 0.069000 0.635000 0.014000 0.014000
0 0.045000 0.554000 0.012000 0.014000
0 0.066500 0.566500 0.013000 0.013000
0 0.086000 0.553500 0.012000 0.013000
0 0.121000 0.553000 0.014000 0.014000
0 0.135000 0.572000 0.014000 0.014000
0 0.070000 0.591000 0.014000 0.014000
0 0.062000 0.588000 0.012000 0.012000
0 0.155500 0.535500 0.013000 0.013000
0 0.150000 0.548000 0.014000 0.014000
0 0.152500 0.569500 0.013000 0.013000
0 0.161000 0.580000 0.014000 0.014000
0 0.155000 0.579000 0.014000 0.014000
0 0.105000 0.507000 0.016000 0.016000
0 0.093500 0.491500 0.015000 0.015000
0 0.169500 0.452000 0.015000 0.016000
0 0.215000 0.466000 0.014000 0.014000
0 0.112000 0.430500 0.014000 0.013000
0 0.225000 0.478000 0.014000 0.014000
0 0.201000 0.402000 0.014000 0.014000
0 0.188500 0.393000 0.013000 0.014000
0 0.070500 0.424000 0.015000 0.014000
0 0.063000 0.412000 0.014000 0.014000
0 0.091000 0.373000 0.014000 0.014000
0 0.085000 0.340000 0.014000 0.014000
0 0.086000 0.354000 0.014000 0.014000
0 0.159500 0.347500 0.015000 0.015000
0 0.187000 0.329500 0.014000 0.015000
0 0.205500 0.336000 0.015000 0.014000
0 0.152000 0.372000 0.014000 0.014000
0 0.153500 0.386500 0.015000 0.015000
0 0.338500 0.313500 0.015000 0.015000
0 0.402500 0.297500 0.013000 0.013000
0 0.405500 0.311000 0.015000 0.014000
0 0.357500 0.409000 0.015000 0.014000
0 0.411000 0.463500 0.014000 0.015000
0 0.392500 0.509500 0.015000 0.015000
0 0.322000 0.488000 0.014000 0.014000
0 0.308000 0.516000 0.016000 0.016000
0 0.270000 0.500500 0.014000 0.013000
0 0.260500 0.403500 0.015000 0.015000
0 0.338500 0.368500 0.013000 0.013000
0 0.328000 0.349000 0.014000 0.014000
0 0.286000 0.364000 0.014000 0.014000
0 0.556500 0.758500 0.013000 0.013000
0 0.567500 0.737000 0.013000 0.012000
0 0.554500 0.709500 0.013000 0.013000
0 0.523500 0.690500 0.015000 0.015000
0 0.517500 0.663000 0.013000 0.014000
0 0.497000 0.736000 0.014000 0.014000
0 0.420500 0.723500 0.013000 0.013000
0 0.347000 0.735500 0.014000 0.013000
0 0.438000 0.623000 0.014000 0.014000
0 0.488500 0.580500 0.015000 0.015000
0 0.459000 0.551500 0.014000 0.015000
0 0.506500 0.530500 0.015000 0.015000
0 0.576000 0.522000 0.014000 0.014000
0 0.618000 0.612000 0.014000 0.014000
0 0.554500 0.568500 0.013000 0.013000
0 0.529000 0.592000 0.014000 0.014000
0 0.545500 0.609500 0.013000 0.013000
0 0.742000 0.484000 0.012000 0.012000
0 0.717000 0.524000 0.014000 0.014000
0 0.690000 0.503000 0.014000 0.014000
0 0.670500 0.517500 0.013000 0.013000
0 0.689000 0.545000 0.014000 0.014000
0 0.772000 0.432000 0.014000 0.014000
0 0.758000 0.427500 0.016000 0.015000
0 0.728500 0.256500 0.015000 0.015000
0 0.808000 0.214000 0.014000 0.014000
0 0.859500 0.212000 0.013000 0.014000
0 0.861000 0.239000 0.014000 0.014000
0 0.874000 0.263500 0.012000 0.013000
0 0.890500 0.268500 0.013000 0.013000
0 0.758000 0.153000 0.014000 0.014000
0 0.620000 0.194000 0.014000 0.014000
0 0.617000 0.215000 0.014000 0.014000
0 0.641500 0.325500 0.013000 0.013000
0 0.599500 0.113500 0.015000 0.015000
0 0.684500 0.086000 0.013000 0.014000
0 0.555000 0.081500 0.014000 0.013000
0 0.579000 0.049500 0.014000 0.013000
0 0.545000 0.151500 0.016000 0.015000
0 0.561000 0.173000 0.014000 0.014000
0 0.554500 0.183000 0.017000 0.016000
0 0.523500 0.218500 0.015000 0.015000
0 0.501000 0.195000 0.014000 0.014000
0 0.472000 0.143500 0.014000 0.015000
0 0.449500 0.094500 0.015000 0.015000
0 0.423500 0.075500 0.015000 0.015000
0 0.430000 0.053000 0.014000 0.014000
0 0.324000 0.133000 0.010000 0.010000
0 0.390000 0.191000 0.014000 0.014000
0 0.361000 0.233000 0.014000 0.014000
0 0.394500 0.251500 0.015000 0.015000
0 0.290000 0.173500 0.014000 0.013000
0 0.287000 0.127000 0.014000 0.014000
0 0.274500 0.130000 0.015000 0.016000
0 0.255000 0.221500 0.014000 0.015000
0 0.245000 0.221000 0.014000 0.014000
0 0.167000 0.204500 0.014000 0.015000
0 0.139500 0.249500 0.013000 0.013000
0 0.640000 0.413000 0.014000 0.014000
0 0.606000 0.478000 0.014000 0.014000
0 0.594500 0.423500 0.013000 0.013000
0 0.580000 0.425000 0.014000 0.014000
0 0.552500 0.426500 0.015000 0.015000
0 0.547000 0.386000 0.014000 0.014000
0 0.550000 0.358500 0.012000 0.011000
0 0.542500 0.353500 0.013000 0.013000
0 0.499500 0.319000 0.013000 0.014000
0 0.497500 0.327500 0.013000 0.013000
0 0.577500 0.462000 0.011000 0.012000
0 0.565500 0.462000 0.013000 0.014000
0 0.570500 0.458500 0.013000 0.013000
0 0.456500 0.399000 0.015000 0.014000
0 0.463500 0.454000 0.015000 0.014000
