0 0.844000 0.484000 0.008000 0.008000
0 0.897000 0.496000 0.008000 0.008000
0 0.884000 0.499000 0.008000 0.008000
0 0.848000 0.518000 0.008000 0.008000
0 0.855000 0.525000 0.008000 0.008000
0 0.846000 0.441000 0.008000 0.008000
0 0.797000 0.432000 0.008000 0.008000
0 0.785000 0.431000 0.008000 0.008000
0 0.787000 0.478000 0.008000 0.008000
0 0.837000 0.708000 0.008000 0.008000
0 0.803000 0.740500 0.006000 0.007000
0 0.755000 0.730000 0.006000 0.008000
0 0.747000 0.721000 0.008000 0.008000
0 0.729000 0.735000 0.008000 0.008000
0 0.767000 0.684000 0.008000 0.008000
0 0.825500 0.629000 0.007000 0.006000
0 0.674000 0.733000 0.008000 0.008000
0 0.617000 0.792000 0.008000 0.008000
0 0.702000 0.820000 0.008000 0.008000
0 0.654000 0.870000 0.008000 0.008000
0 0.613000 0.872000 0.008000 0.008000
0 0.622000 0.878000 0.008000 0.008000
0 0.540000 0.787000 0.008000 0.008000
0 0.553000 0.844500 0.008000 0.009000
0 0.562500 0.750000 0.009000 0.008000
0 0.531000 0.708500 0.008000 0.009000
0 0.526000 0.729500 0.008000 0.009000
0 0.509000 0.749500 0.008000 0.009000
0 0.497500 0.768000 0.009000 0.008000
0 0.868500 0.348500 0.007000 0.007000
0 0.841000 0.334000 0.008000 0.008000
0 0.819000 0.319000 0.008000 0.008000
0 0.809000 0.319000 0.008000 0.008000
0 0.817000 0.257000 0.008000 0.008000
0 0.782000 0.285000 0.008000 0.008000
0 0.732000 0.300000 0.008000 0.008000
0 0.730000 0.343500 0.008000 0.009000
0 0.745000 0.227000 0.008000 0.008000
0 0.708000 0.274000 0.008000 0.008000
0 0.627000 0.308000 0.008000 0.008000
0 0.623000 0.351000 0.008000 0.008000
0 0.596000 0.405000 0.008000 0.008000
0 0.570000 0.413000 0.008000 0.008000
0 0.677000 0.406000 0.006000 0.008000
0 0.580500 0.382500 0.007000 0.007000
0 0.656000 0.443500 0.006000 0.007000
0 0.505000 0.400500 0.008000 0.009000
0 0.495000 0.365000 0.006000 0.006000
0 0.485000 0.365000 0.008000 0.008000
0 0.380000 0.537000 0.008000 0.008000
0 0.437500 0.726500 0.007000 0.007000
0 0.464000 0.754000 0.008000 0.008000
0 0.479000 0.832000 0.008000 0.008000
0 0.444000 0.807000 0.008000 0.008000
0 0.386000 0.750000 0.006000 0.006000
0 0.347500 0.706500 0.007000 0.007000
0 0.334000 0.742000 0.008000 0.008000
0 0.363000 0.687000 0.006000 0.006000
0 0.328000 0.697000 0.006000 0.006000
0 0.360500 0.648000 0.007000 0.006000
0 0.433000 0.648000 0.006000 0.006000
0 0.447000 0.675000 0.006000 0.006000
0 0.642000 0.547000 0.008000 0.008000
0 0.567000 0.633000 0.008000 0.008000
0 0.225000 0.703000 0.006000 0.006000
0 0.243000 0.695000 0.006000 0.006000
0 0.239000 0.721000 0.006000 0.006000
0 0.204000 0.666000 0.006000 0.006000
0 0.231000 0.684000 0.008000 0.008000
0 0.121500 0.686000 0.007000 0.008000
0 0.078500 0.643500 0.007000 0.007000
0 0.074500 0.633500 0.007000 0.007000
0 0.081500 0.588500 0.007000 0.007000
0 0.159500 0.570500 0.007000 0.007000
0 0.214500 0.476500 0.007000 0.007000
0 0.194500 0.469500 0.007000 0.007000
0 0.221500 0.428500 0.007000 0.007000
0 0.162500 0.500500 0.007000 0.007000
0 0.168500 0.502500 0.007000 0.007000
0 0.105500 0.463500 0.007000 0.007000
0 0.081000 0.439000 0.008000 0.008000
0 0.146500 0.385500 0.007000 0.007000
0 0.116000 0.301000 0.006000 0.006000
0 0.106000 0.323000 0.006000 0.006000
0 0.112000 0.343000 0.006000 0.006000
0 0.278500 0.255500 0.007000 0.007000
0 0.267500 0.301500 0.007000 0.007000
0 0.318500 0.177500 0.007000 0.007000
0 0.321500 0.125500 0.007000 0.007000
0 0.279500 0.135500 0.007000 0.007000
0 0.275500 0.131500 0.007000 0.007000
0 0.257500 0.151500 0.007000 0.007000
0 0.243500 0.168500 0.007000 0.007000
0 0.241500 0.158500 0.007000 0.007000
0 0.412500 0.206500 0.007000 0.007000
0 0.522500 0.270500 0.007000 0.007000
0 0.504500 0.283500 0.007000 0.007000
0 0.518500 0.080500 0.007000 0.007000
0 0.570000 0.122000 0.006000 0.006000
