0 0.864000 0.759000 0.012000 0.012000
0 0.882500 0.723500 0.011000 0.011000
0 0.890500 0.668000 0.011000 0.012000
0 0.813500 0.641500 0.011000 0.011000
0 0.794500 0.627500 0.011000 0.011000
0 0.729500 0.699500 0.011000 0.011000
0 0.703000 0.705000 0.012000 0.012000
0 0.768500 0.493500 0.011000 0.011000
0 0.740000 0.484000 0.012000 0.012000
0 0.618000 0.767500 0.012000 0.013000
0 0.448000 0.762000 0.012000 0.012000
0 0.580500 0.550000 0.011000 0.012000
0 0.327500 0.378500 0.011000 0.011000
0 0.448500 0.425500 0.013000 0.013000
0 0.864000 0.422000 0.014000 0.014000
