0 0.845000 0.378000 0.014000 0.014000
0 0.783000 0.420000 0.014000 0.014000
0 0.703500 0.475000 0.015000 0.016000
0 0.665500 0.576000 0.013000 0.014000
0 0.863500 0.581000 0.015000 0.016000
0 0.852500 0.629500 0.013000 0.013000
0 0.793500 0.710000 0.013000 0.014000
0 0.697500 0.726500 0.015000 0.015000
0 0.528000 0.723500 0.016000 0.015000
0 0.590500 0.867500 0.015000 0.015000
0 0.582000 0.888500 0.014000 0.015000
0 0.436500 0.755500 0.013000 0.013000
0 0.303000 0.849500 0.014000 0.015000
0 0.280500 0.716500 0.015000 0.015000
0 0.197000 0.741500 0.014000 0.015000
0 0.235500 0.622500 0.015000 0.015000
0 0.270500 0.541500 0.015000 0.015000
0 0.245500 0.494500 0.015000 0.015000
0 0.149000 0.459000 0.014000 0.014000
0 0.077000 0.458000 0.014000 0.014000
0 0.392000 0.221000 0.016000 0.016000
0 0.342000 0.178000 0.016000 0.016000
0 0.229000 0.157000 0.016000 0.016000
0 0.546500 0.479000 0.015000 0.016000
0 0.526500 0.498000 0.015000 0.014000
0 0.468500 0.498000 0.015000 0.016000
0 0.376500 0.519500 0.015000 0.015000
0 0.355000 0.594500 0.014000 0.015000
0 0.364500 0.403500 0.015000 0.015000
0 0.555000 0.327500 0.014000 0.015000
0 0.695000 0.324000 0.014000 0.014000
