0 0.643000 0.813500 0.020000 0.021000
0 0.569500 0.786000 0.021000 0.022000
0 0.389500 0.717500 0.017000 0.019000
0 0.161500 0.678500 0.021000 0.021000
0 0.128000 0.550500 0.018000 0.019000
0 0.131000 0.320500 0.020000 0.021000
0 0.652000 0.088000 0.016000 0.016000
0 0.696500 0.162500 0.019000 0.019000
0 0.718500 0.263500 0.021000 0.021000
0 0.858000 0.468500 0.020000 0.021000
0 0.574500 0.314500 0.021000 0.021000
0 0.505500 0.324500 0.019000 0.019000
0 0.528000 0.365000 0.020000 0.020000
0 0.519500 0.371000 0.019000 0.020000
0 0.412500 0.394000 0.021000 0.022000
0 0.421500 0.427000 0.021000 0.022000
0 0.675000 0.427500 0.022000 0.023000
0 0.492500 0.598000 0.021000 0.022000
