0 0.855500 0.388000 0.013000 0.014000
0 0.593000 0.327500 0.012000 0.013000
0 0.508000 0.436000 0.012000 0.012000
0 0.419500 0.563500 0.013000 0.013000
0 0.336500 0.556500 0.013000 0.013000
0 0.366500 0.694500 0.013000 0.013000
0 0.336000 0.939500 0.012000 0.013000
0 0.480500 0.759000 0.011000 0.012000
0 0.586000 0.972000 0.012000 0.012000
0 0.505500 0.987500 0.013000 0.013000
0 0.163000 0.692500 0.012000 0.013000
0 0.286000 0.132500 0.012000 0.013000
0 0.289500 0.119500 0.013000 0.013000
0 0.205000 0.135500 0.012000 0.013000
0 0.687500 0.115500 0.013000 0.013000
0 0.572000 0.085000 0.012000 0.012000
0 0.063000 0.731500 0.012000 0.013000
0 0.119000 0.500000 0.014000 0.014000
