0 0.414500 0.237000 0.063000 0.060000
0 0.415000 0.274000 0.062000 0.060000
0 0.558000 0.320500 0.064000 0.065000
0 0.535500 0.234000 0.059000 0.060000
0 0.559500 0.245000 0.057000 0.062000
0 0.512000 0.445000 0.070000 0.070000
0 0.558000 0.595000 0.072000 0.072000
0 0.254000 0.715000 0.068000 0.068000
0 0.298000 0.727500 0.064000 0.069000
0 0.195000 0.609000 0.062000 0.068000
0 0.214000 0.614000 0.068000 0.068000
0 0.356500 0.618500 0.071000 0.069000
0 0.131500 0.486500 0.069000 0.071000
0 0.853000 0.521000 0.060000 0.064000
0 0.912500 0.517000 0.063000 0.064000
0 0.746000 0.591500 0.068000 0.069000
