0 0.888000 0.701500 0.018000 0.019000
0 0.686000 0.720000 0.020000 0.020000
0 0.548000 0.760500 0.020000 0.019000
0 0.508500 0.799000 0.019000 0.020000
0 0.370000 0.603500 0.018000 0.019000
0 0.304500 0.660000 0.021000 0.022000
0 0.184500 0.511500 0.021000 0.021000
0 0.278500 0.421500 0.021000 0.021000
0 0.277500 0.293000 0.019000 0.020000
0 0.207000 0.357000 0.022000 0.022000
0 0.497500 0.331000 0.021000 0.022000
0 0.427000 0.075000 0.018000 0.018000
0 0.394000 0.137500 0.018000 0.019000
0 0.684500 0.138000 0.019000 0.020000
0 0.652000 0.179500 0.018000 0.019000
0 0.637500 0.197000 0.019000 0.020000
